0.000000000000000000e+00 4.111378623223477802e-01 7.853981633974482790e-01 1.550000000000000000e+01
1.000000000000000000e+00 4.111378623223477802e-01 2.356194490192344837e+00 1.544999999999999929e+01
2.000000000000000000e+00 4.111378623223477802e-01 3.926990816987241395e+00 1.542999999999999972e+01
3.000000000000000000e+00 4.111378623223477802e-01 5.497787143782137953e+00 1.528999999999999915e+01
4.000000000000000000e+00 8.410686705679303321e-01 3.926990816987241395e-01 1.552999999999999936e+01
5.000000000000000000e+00 8.410686705679303321e-01 1.178097245096172418e+00 1.550000000000000000e+01
6.000000000000000000e+00 8.410686705679303321e-01 1.963495408493620475e+00 1.538000000000000078e+01
7.000000000000000000e+00 8.410686705679303321e-01 2.748893571891068976e+00 1.541000000000000014e+01
8.000000000000000000e+00 8.410686705679303321e-01 3.534291735288516811e+00 1.532000000000000028e+01
9.000000000000000000e+00 8.410686705679303321e-01 4.319689898685965090e+00 1.550999999999999979e+01
1.000000000000000000e+01 8.410686705679303321e-01 5.105088062083414258e+00 1.541999999999999993e+01
1.100000000000000000e+01 8.410686705679303321e-01 5.890486225480860760e+00 1.534999999999999964e+01
1.200000000000000000e+01 1.230959417340774742e+00 0.000000000000000000e+00 1.533000000000000007e+01
1.300000000000000000e+01 1.230959417340774742e+00 7.853981633974482790e-01 1.542999999999999972e+01
1.400000000000000000e+01 1.230959417340774742e+00 1.570796326794896558e+00 1.542999999999999972e+01
1.500000000000000000e+01 1.230959417340774742e+00 2.356194490192344837e+00 1.528999999999999915e+01
1.600000000000000000e+01 1.230959417340774742e+00 3.141592653589793116e+00 1.546000000000000085e+01
1.700000000000000000e+01 1.230959417340774742e+00 3.926990816987240951e+00 1.539000000000000057e+01
1.800000000000000000e+01 1.230959417340774742e+00 4.712388980384689674e+00 1.541999999999999993e+01
1.900000000000000000e+01 1.230959417340774742e+00 5.497787143782137953e+00 1.551999999999999957e+01
2.000000000000000000e+01 1.570796326794896558e+00 3.926990816987241395e-01 1.475000000000000000e+01
2.100000000000000000e+01 1.570796326794896558e+00 1.178097245096172418e+00 1.506000000000000050e+01
2.200000000000000000e+01 1.570796326794896558e+00 1.963495408493620475e+00 1.511999999999999922e+01
2.300000000000000000e+01 1.570796326794896558e+00 2.748893571891068976e+00 1.532000000000000028e+01
2.400000000000000000e+01 1.570796326794896558e+00 3.534291735288516811e+00 1.524000000000000021e+01
2.500000000000000000e+01 1.570796326794896558e+00 4.319689898685965090e+00 1.533000000000000007e+01
2.600000000000000000e+01 1.570796326794896558e+00 5.105088062083414258e+00 1.516999999999999993e+01
2.700000000000000000e+01 1.570796326794896558e+00 5.890486225480860760e+00 1.490000000000000036e+01
2.800000000000000000e+01 1.910633236249018596e+00 0.000000000000000000e+00 1.526999999999999957e+01
2.900000000000000000e+01 1.910633236249018596e+00 7.853981633974482790e-01 1.541000000000000014e+01
3.000000000000000000e+01 1.910633236249018596e+00 1.570796326794896558e+00 1.539000000000000057e+01
3.100000000000000000e+01 1.910633236249018596e+00 2.356194490192344837e+00 1.552999999999999936e+01
3.200000000000000000e+01 1.910633236249018596e+00 3.141592653589793116e+00 1.533000000000000007e+01
3.300000000000000000e+01 1.910633236249018596e+00 3.926990816987240951e+00 1.542999999999999972e+01
3.400000000000000000e+01 1.910633236249018596e+00 4.712388980384689674e+00 1.549000000000000021e+01
3.500000000000000000e+01 1.910633236249018596e+00 5.497787143782137953e+00 1.539000000000000057e+01
3.600000000000000000e+01 2.300523983021863117e+00 3.926990816987241395e-01 1.544999999999999929e+01
3.700000000000000000e+01 2.300523983021863117e+00 1.178097245096172418e+00 1.543999999999999950e+01
3.800000000000000000e+01 2.300523983021863117e+00 1.963495408493620475e+00 1.548000000000000043e+01
3.900000000000000000e+01 2.300523983021863117e+00 2.748893571891068976e+00 1.547000000000000064e+01
4.000000000000000000e+01 2.300523983021863117e+00 3.534291735288516811e+00 1.536999999999999922e+01
4.100000000000000000e+01 2.300523983021863117e+00 4.319689898685965090e+00 1.549000000000000021e+01
4.200000000000000000e+01 2.300523983021863117e+00 5.105088062083414258e+00 1.541999999999999993e+01
4.300000000000000000e+01 2.300523983021863117e+00 5.890486225480860760e+00 1.549000000000000021e+01
4.400000000000000000e+01 2.730454791267445280e+00 7.853981633974482790e-01 1.535999999999999943e+01
4.500000000000000000e+01 2.730454791267445280e+00 2.356194490192344837e+00 1.551999999999999957e+01
4.600000000000000000e+01 2.730454791267445280e+00 3.926990816987241395e+00 1.526999999999999957e+01
4.700000000000000000e+01 2.730454791267445280e+00 5.497787143782137953e+00 1.535999999999999943e+01
