0.000000000000000000e+00 4.111378623223477802e-01 7.853981633974482790e-01 1.403999999999999915e+01
1.000000000000000000e+00 4.111378623223477802e-01 2.356194490192344837e+00 1.389000000000000057e+01
2.000000000000000000e+00 4.111378623223477802e-01 3.926990816987241395e+00 1.358000000000000007e+01
3.000000000000000000e+00 4.111378623223477802e-01 5.497787143782137953e+00 1.349000000000000021e+01
4.000000000000000000e+00 8.410686705679303321e-01 3.926990816987241395e-01 1.424000000000000021e+01
5.000000000000000000e+00 8.410686705679303321e-01 1.178097245096172418e+00 1.433000000000000007e+01
6.000000000000000000e+00 8.410686705679303321e-01 1.963495408493620475e+00 1.398000000000000043e+01
7.000000000000000000e+00 8.410686705679303321e-01 2.748893571891068976e+00 1.390000000000000036e+01
8.000000000000000000e+00 8.410686705679303321e-01 3.534291735288516811e+00 1.402999999999999936e+01
9.000000000000000000e+00 8.410686705679303321e-01 4.319689898685965090e+00 1.364000000000000057e+01
1.000000000000000000e+01 8.410686705679303321e-01 5.105088062083414258e+00 1.361999999999999922e+01
1.100000000000000000e+01 8.410686705679303321e-01 5.890486225480860760e+00 1.399000000000000021e+01
1.200000000000000000e+01 1.230959417340774742e+00 0.000000000000000000e+00 1.396000000000000085e+01
1.300000000000000000e+01 1.230959417340774742e+00 7.853981633974482790e-01 1.394999999999999929e+01
1.400000000000000000e+01 1.230959417340774742e+00 1.570796326794896558e+00 1.396000000000000085e+01
1.500000000000000000e+01 1.230959417340774742e+00 2.356194490192344837e+00 1.388000000000000078e+01
1.600000000000000000e+01 1.230959417340774742e+00 3.141592653589793116e+00 1.422000000000000064e+01
1.700000000000000000e+01 1.230959417340774742e+00 3.926990816987240951e+00 1.377999999999999936e+01
1.800000000000000000e+01 1.230959417340774742e+00 4.712388980384689674e+00 1.393999999999999950e+01
1.900000000000000000e+01 1.230959417340774742e+00 5.497787143782137953e+00 1.364000000000000057e+01
2.000000000000000000e+01 1.570796326794896558e+00 3.926990816987241395e-01 1.417999999999999972e+01
2.100000000000000000e+01 1.570796326794896558e+00 1.178097245096172418e+00 1.400000000000000000e+01
2.200000000000000000e+01 1.570796326794896558e+00 1.963495408493620475e+00 1.353999999999999915e+01
2.300000000000000000e+01 1.570796326794896558e+00 2.748893571891068976e+00 1.391999999999999993e+01
2.400000000000000000e+01 1.570796326794896558e+00 3.534291735288516811e+00 1.416000000000000014e+01
2.500000000000000000e+01 1.570796326794896558e+00 4.319689898685965090e+00 1.352999999999999936e+01
2.600000000000000000e+01 1.570796326794896558e+00 5.105088062083414258e+00 1.358999999999999986e+01
2.700000000000000000e+01 1.570796326794896558e+00 5.890486225480860760e+00 1.366000000000000014e+01
2.800000000000000000e+01 1.910633236249018596e+00 0.000000000000000000e+00 1.350999999999999979e+01
2.900000000000000000e+01 1.910633236249018596e+00 7.853981633974482790e-01 1.375999999999999979e+01
3.000000000000000000e+01 1.910633236249018596e+00 1.570796326794896558e+00 1.374000000000000021e+01
3.100000000000000000e+01 1.910633236249018596e+00 2.356194490192344837e+00 1.391999999999999993e+01
3.200000000000000000e+01 1.910633236249018596e+00 3.141592653589793116e+00 1.399000000000000021e+01
3.300000000000000000e+01 1.910633236249018596e+00 3.926990816987240951e+00 1.385999999999999943e+01
3.400000000000000000e+01 1.910633236249018596e+00 4.712388980384689674e+00 1.332000000000000028e+01
3.500000000000000000e+01 1.910633236249018596e+00 5.497787143782137953e+00 1.374000000000000021e+01
3.600000000000000000e+01 2.300523983021863117e+00 3.926990816987241395e-01 1.392999999999999972e+01
3.700000000000000000e+01 2.300523983021863117e+00 1.178097245096172418e+00 1.366000000000000014e+01
3.800000000000000000e+01 2.300523983021863117e+00 1.963495408493620475e+00 1.371000000000000085e+01
3.900000000000000000e+01 2.300523983021863117e+00 2.748893571891068976e+00 1.413000000000000078e+01
4.000000000000000000e+01 2.300523983021863117e+00 3.534291735288516811e+00 1.427999999999999936e+01
4.100000000000000000e+01 2.300523983021863117e+00 4.319689898685965090e+00 1.375999999999999979e+01
4.200000000000000000e+01 2.300523983021863117e+00 5.105088062083414258e+00 1.419999999999999929e+01
4.300000000000000000e+01 2.300523983021863117e+00 5.890486225480860760e+00 1.374000000000000021e+01
4.400000000000000000e+01 2.730454791267445280e+00 7.853981633974482790e-01 1.381000000000000050e+01
4.500000000000000000e+01 2.730454791267445280e+00 2.356194490192344837e+00 1.385999999999999943e+01
4.600000000000000000e+01 2.730454791267445280e+00 3.926990816987241395e+00 1.399000000000000021e+01
4.700000000000000000e+01 2.730454791267445280e+00 5.497787143782137953e+00 1.406000000000000050e+01
