0.000000000000000000e+00 8.410686705679303321e-01 7.853981633974482790e-01 3.149999999999999911e+00
1.000000000000000000e+00 8.410686705679303321e-01 2.356194490192344837e+00 3.129999999999999893e+00
2.000000000000000000e+00 8.410686705679303321e-01 3.926990816987240951e+00 3.020000000000000018e+00
3.000000000000000000e+00 8.410686705679303321e-01 5.497787143782137953e+00 2.759999999999999787e+00
4.000000000000000000e+00 1.570796326794896558e+00 0.000000000000000000e+00 2.959999999999999964e+00
5.000000000000000000e+00 1.570796326794896558e+00 1.570796326794896558e+00 3.100000000000000089e+00
6.000000000000000000e+00 1.570796326794896558e+00 3.141592653589793116e+00 3.120000000000000107e+00
7.000000000000000000e+00 1.570796326794896558e+00 4.712388980384689674e+00 2.669999999999999929e+00
8.000000000000000000e+00 2.300523983021863117e+00 7.853981633974482790e-01 3.020000000000000018e+00
9.000000000000000000e+00 2.300523983021863117e+00 2.356194490192344837e+00 3.120000000000000107e+00
1.000000000000000000e+01 2.300523983021863117e+00 3.926990816987240951e+00 3.200000000000000178e+00
1.100000000000000000e+01 2.300523983021863117e+00 5.497787143782137953e+00 3.060000000000000053e+00
