0.000000000000000000e+00 8.410686705679303321e-01 7.853981633974482790e-01 1.590000000000000080e+00
1.000000000000000000e+00 8.410686705679303321e-01 2.356194490192344837e+00 1.889999999999999902e+00
2.000000000000000000e+00 8.410686705679303321e-01 3.926990816987240951e+00 1.649999999999999911e+00
3.000000000000000000e+00 8.410686705679303321e-01 5.497787143782137953e+00 1.199999999999999956e+00
4.000000000000000000e+00 1.570796326794896558e+00 0.000000000000000000e+00 1.449999999999999956e+00
5.000000000000000000e+00 1.570796326794896558e+00 1.570796326794896558e+00 1.409999999999999920e+00
6.000000000000000000e+00 1.570796326794896558e+00 3.141592653589793116e+00 2.009999999999999787e+00
7.000000000000000000e+00 1.570796326794896558e+00 4.712388980384689674e+00 1.189999999999999947e+00
8.000000000000000000e+00 2.300523983021863117e+00 7.853981633974482790e-01 2.049999999999999822e+00
9.000000000000000000e+00 2.300523983021863117e+00 2.356194490192344837e+00 1.719999999999999973e+00
1.000000000000000000e+01 2.300523983021863117e+00 3.926990816987240951e+00 1.739999999999999991e+00
1.100000000000000000e+01 2.300523983021863117e+00 5.497787143782137953e+00 1.620000000000000107e+00
