0.000000000000000000e+00 8.410686705679303321e-01 7.853981633974482790e-01 4.339999999999999858e+00
1.000000000000000000e+00 8.410686705679303321e-01 2.356194490192344837e+00 4.389999999999999680e+00
2.000000000000000000e+00 8.410686705679303321e-01 3.926990816987240951e+00 4.459999999999999964e+00
3.000000000000000000e+00 8.410686705679303321e-01 5.497787143782137953e+00 4.129999999999999893e+00
4.000000000000000000e+00 1.570796326794896558e+00 0.000000000000000000e+00 4.370000000000000107e+00
5.000000000000000000e+00 1.570796326794896558e+00 1.570796326794896558e+00 4.290000000000000036e+00
6.000000000000000000e+00 1.570796326794896558e+00 3.141592653589793116e+00 4.379999999999999893e+00
7.000000000000000000e+00 1.570796326794896558e+00 4.712388980384689674e+00 4.110000000000000320e+00
8.000000000000000000e+00 2.300523983021863117e+00 7.853981633974482790e-01 4.250000000000000000e+00
9.000000000000000000e+00 2.300523983021863117e+00 2.356194490192344837e+00 4.250000000000000000e+00
1.000000000000000000e+01 2.300523983021863117e+00 3.926990816987240951e+00 4.190000000000000391e+00
1.100000000000000000e+01 2.300523983021863117e+00 5.497787143782137953e+00 4.290000000000000036e+00
