0.000000000000000000e+00 2.044801989685349763e-01 7.853981633974482790e-01 2.919999999999999929e+00
1.000000000000000000e+00 2.044801989685349763e-01 2.356194490192344837e+00 3.069999999999999840e+00
2.000000000000000000e+00 2.044801989685349763e-01 3.926990816987241395e+00 3.149999999999999911e+00
3.000000000000000000e+00 2.044801989685349763e-01 5.497787143782137953e+00 2.890000000000000124e+00
4.000000000000000000e+00 4.111378623223477802e-01 3.926990816987241395e-01 2.819999999999999840e+00
5.000000000000000000e+00 4.111378623223477802e-01 1.178097245096172418e+00 3.040000000000000036e+00
6.000000000000000000e+00 4.111378623223477802e-01 1.963495408493620697e+00 3.209999999999999964e+00
7.000000000000000000e+00 4.111378623223477802e-01 2.748893571891068976e+00 3.189999999999999947e+00
8.000000000000000000e+00 4.111378623223477802e-01 3.534291735288517255e+00 3.060000000000000053e+00
9.000000000000000000e+00 4.111378623223477802e-01 4.319689898685965090e+00 3.120000000000000107e+00
1.000000000000000000e+01 4.111378623223477802e-01 5.105088062083414258e+00 3.069999999999999840e+00
1.100000000000000000e+01 4.111378623223477802e-01 5.890486225480861648e+00 2.660000000000000142e+00
1.200000000000000000e+01 6.223684885550205825e-01 2.617993877991494078e-01 2.979999999999999982e+00
1.300000000000000000e+01 6.223684885550205825e-01 7.853981633974482790e-01 3.140000000000000124e+00
1.400000000000000000e+01 6.223684885550205825e-01 1.308996938995747206e+00 3.049999999999999822e+00
1.500000000000000000e+01 6.223684885550205825e-01 1.832595714594045910e+00 3.250000000000000000e+00
1.600000000000000000e+01 6.223684885550205825e-01 2.356194490192344837e+00 3.299999999999999822e+00
1.700000000000000000e+01 6.223684885550205825e-01 2.879793265790643542e+00 3.229999999999999982e+00
1.800000000000000000e+01 6.223684885550205825e-01 3.403392041388942690e+00 3.330000000000000071e+00
1.900000000000000000e+01 6.223684885550205825e-01 3.926990816987240951e+00 3.169999999999999929e+00
2.000000000000000000e+01 6.223684885550205825e-01 4.450589592585540544e+00 3.270000000000000018e+00
2.100000000000000000e+01 6.223684885550205825e-01 4.974188368183838804e+00 3.129999999999999893e+00
2.200000000000000000e+01 6.223684885550205825e-01 5.497787143782137953e+00 2.620000000000000107e+00
2.300000000000000000e+01 6.223684885550205825e-01 6.021385919380436214e+00 2.830000000000000071e+00
2.400000000000000000e+01 8.410686705679303321e-01 1.963495408493620697e-01 3.020000000000000018e+00
2.500000000000000000e+01 8.410686705679303321e-01 5.890486225480862092e-01 3.350000000000000089e+00
2.600000000000000000e+01 8.410686705679303321e-01 9.817477042468102377e-01 3.259999999999999787e+00
2.700000000000000000e+01 8.410686705679303321e-01 1.374446785945534488e+00 3.120000000000000107e+00
2.800000000000000000e+01 8.410686705679303321e-01 1.767145867644258406e+00 3.240000000000000213e+00
2.900000000000000000e+01 8.410686705679303321e-01 2.159844949342982545e+00 3.229999999999999982e+00
3.000000000000000000e+01 8.410686705679303321e-01 2.552544031041707129e+00 3.220000000000000195e+00
3.100000000000000000e+01 8.410686705679303321e-01 2.945243112740430380e+00 3.310000000000000053e+00
3.200000000000000000e+01 8.410686705679303321e-01 3.337942194439155408e+00 3.229999999999999982e+00
3.300000000000000000e+01 8.410686705679303321e-01 3.730641276137879103e+00 3.080000000000000071e+00
3.400000000000000000e+01 8.410686705679303321e-01 4.123340357836603687e+00 3.240000000000000213e+00
3.500000000000000000e+01 8.410686705679303321e-01 4.516039439535327382e+00 3.279999999999999805e+00
3.600000000000000000e+01 8.410686705679303321e-01 4.908738521234051078e+00 3.140000000000000124e+00
3.700000000000000000e+01 8.410686705679303321e-01 5.301437602932775661e+00 2.729999999999999982e+00
3.800000000000000000e+01 8.410686705679303321e-01 5.694136684631499357e+00 3.049999999999999822e+00
3.900000000000000000e+01 8.410686705679303321e-01 6.086835766330223052e+00 3.129999999999999893e+00
4.000000000000000000e+01 1.047197551196597853e+00 0.000000000000000000e+00 3.259999999999999787e+00
4.100000000000000000e+01 1.047197551196597853e+00 3.926990816987241395e-01 3.200000000000000178e+00
4.200000000000000000e+01 1.047197551196597853e+00 7.853981633974482790e-01 3.200000000000000178e+00
4.300000000000000000e+01 1.047197551196597853e+00 1.178097245096172418e+00 3.089999999999999858e+00
4.400000000000000000e+01 1.047197551196597853e+00 1.570796326794896558e+00 2.979999999999999982e+00
4.500000000000000000e+01 1.047197551196597853e+00 1.963495408493620475e+00 3.189999999999999947e+00
4.600000000000000000e+01 1.047197551196597853e+00 2.356194490192344837e+00 3.100000000000000089e+00
4.700000000000000000e+01 1.047197551196597853e+00 2.748893571891068976e+00 3.209999999999999964e+00
4.800000000000000000e+01 1.047197551196597853e+00 3.141592653589793116e+00 3.270000000000000018e+00
4.900000000000000000e+01 1.047197551196597853e+00 3.534291735288516811e+00 3.370000000000000107e+00
5.000000000000000000e+01 1.047197551196597853e+00 3.926990816987240951e+00 3.120000000000000107e+00
5.100000000000000000e+01 1.047197551196597853e+00 4.319689898685965090e+00 3.390000000000000124e+00
5.200000000000000000e+01 1.047197551196597853e+00 4.712388980384689674e+00 3.069999999999999840e+00
5.300000000000000000e+01 1.047197551196597853e+00 5.105088062083414258e+00 2.680000000000000160e+00
5.400000000000000000e+01 1.047197551196597853e+00 5.497787143782137953e+00 3.020000000000000018e+00
5.500000000000000000e+01 1.047197551196597853e+00 5.890486225480860760e+00 3.209999999999999964e+00
5.600000000000000000e+01 1.230959417340774742e+00 1.963495408493620697e-01 3.120000000000000107e+00
5.700000000000000000e+01 1.230959417340774742e+00 5.890486225480862092e-01 3.299999999999999822e+00
5.800000000000000000e+01 1.230959417340774742e+00 9.817477042468102377e-01 3.069999999999999840e+00
5.900000000000000000e+01 1.230959417340774742e+00 1.374446785945534488e+00 3.060000000000000053e+00
6.000000000000000000e+01 1.230959417340774742e+00 1.767145867644258406e+00 3.129999999999999893e+00
6.100000000000000000e+01 1.230959417340774742e+00 2.159844949342982545e+00 3.290000000000000036e+00
6.200000000000000000e+01 1.230959417340774742e+00 2.552544031041707129e+00 3.270000000000000018e+00
6.300000000000000000e+01 1.230959417340774742e+00 2.945243112740430380e+00 3.330000000000000071e+00
6.400000000000000000e+01 1.230959417340774742e+00 3.337942194439155408e+00 3.009999999999999787e+00
6.500000000000000000e+01 1.230959417340774742e+00 3.730641276137879103e+00 3.290000000000000036e+00
6.600000000000000000e+01 1.230959417340774742e+00 4.123340357836603687e+00 3.470000000000000195e+00
6.700000000000000000e+01 1.230959417340774742e+00 4.516039439535327382e+00 3.160000000000000142e+00
6.800000000000000000e+01 1.230959417340774742e+00 4.908738521234051078e+00 2.919999999999999929e+00
6.900000000000000000e+01 1.230959417340774742e+00 5.301437602932775661e+00 3.000000000000000000e+00
7.000000000000000000e+01 1.230959417340774742e+00 5.694136684631499357e+00 3.009999999999999787e+00
7.100000000000000000e+01 1.230959417340774742e+00 6.086835766330223052e+00 3.419999999999999929e+00
7.200000000000000000e+01 1.403348247575207264e+00 0.000000000000000000e+00 3.240000000000000213e+00
7.300000000000000000e+01 1.403348247575207264e+00 3.926990816987241395e-01 3.109999999999999876e+00
7.400000000000000000e+01 1.403348247575207264e+00 7.853981633974482790e-01 3.279999999999999805e+00
7.500000000000000000e+01 1.403348247575207264e+00 1.178097245096172418e+00 3.100000000000000089e+00
7.600000000000000000e+01 1.403348247575207264e+00 1.570796326794896558e+00 2.919999999999999929e+00
7.700000000000000000e+01 1.403348247575207264e+00 1.963495408493620475e+00 3.100000000000000089e+00
7.800000000000000000e+01 1.403348247575207264e+00 2.356194490192344837e+00 2.959999999999999964e+00
7.900000000000000000e+01 1.403348247575207264e+00 2.748893571891068976e+00 3.290000000000000036e+00
8.000000000000000000e+01 1.403348247575207264e+00 3.141592653589793116e+00 3.160000000000000142e+00
8.100000000000000000e+01 1.403348247575207264e+00 3.534291735288516811e+00 3.229999999999999982e+00
8.200000000000000000e+01 1.403348247575207264e+00 3.926990816987240951e+00 3.430000000000000160e+00
8.300000000000000000e+01 1.403348247575207264e+00 4.319689898685965090e+00 3.229999999999999982e+00
8.400000000000000000e+01 1.403348247575207264e+00 4.712388980384689674e+00 3.100000000000000089e+00
8.500000000000000000e+01 1.403348247575207264e+00 5.105088062083414258e+00 2.319999999999999840e+00
8.600000000000000000e+01 1.403348247575207264e+00 5.497787143782137953e+00 3.250000000000000000e+00
8.700000000000000000e+01 1.403348247575207264e+00 5.890486225480860760e+00 3.200000000000000178e+00
8.800000000000000000e+01 1.570796326794896558e+00 1.963495408493620697e-01 3.229999999999999982e+00
8.900000000000000000e+01 1.570796326794896558e+00 5.890486225480862092e-01 3.209999999999999964e+00
9.000000000000000000e+01 1.570796326794896558e+00 9.817477042468102377e-01 3.299999999999999822e+00
9.100000000000000000e+01 1.570796326794896558e+00 1.374446785945534488e+00 3.270000000000000018e+00
9.200000000000000000e+01 1.570796326794896558e+00 1.767145867644258406e+00 2.799999999999999822e+00
9.300000000000000000e+01 1.570796326794896558e+00 2.159844949342982545e+00 3.180000000000000160e+00
9.400000000000000000e+01 1.570796326794896558e+00 2.552544031041707129e+00 3.129999999999999893e+00
9.500000000000000000e+01 1.570796326794896558e+00 2.945243112740430380e+00 3.430000000000000160e+00
9.600000000000000000e+01 1.570796326794896558e+00 3.337942194439155408e+00 3.089999999999999858e+00
9.700000000000000000e+01 1.570796326794896558e+00 3.730641276137879103e+00 3.259999999999999787e+00
9.800000000000000000e+01 1.570796326794896558e+00 4.123340357836603687e+00 3.350000000000000089e+00
9.900000000000000000e+01 1.570796326794896558e+00 4.516039439535327382e+00 3.200000000000000178e+00
1.000000000000000000e+02 1.570796326794896558e+00 4.908738521234051078e+00 2.229999999999999982e+00
1.010000000000000000e+02 1.570796326794896558e+00 5.301437602932775661e+00 3.209999999999999964e+00
1.020000000000000000e+02 1.570796326794896558e+00 5.694136684631499357e+00 3.149999999999999911e+00
1.030000000000000000e+02 1.570796326794896558e+00 6.086835766330223052e+00 3.220000000000000195e+00
1.040000000000000000e+02 1.738244406014585852e+00 0.000000000000000000e+00 3.120000000000000107e+00
1.050000000000000000e+02 1.738244406014585852e+00 3.926990816987241395e-01 3.270000000000000018e+00
1.060000000000000000e+02 1.738244406014585852e+00 7.853981633974482790e-01 3.279999999999999805e+00
1.070000000000000000e+02 1.738244406014585852e+00 1.178097245096172418e+00 3.350000000000000089e+00
1.080000000000000000e+02 1.738244406014585852e+00 1.570796326794896558e+00 2.990000000000000213e+00
1.090000000000000000e+02 1.738244406014585852e+00 1.963495408493620475e+00 2.700000000000000178e+00
1.100000000000000000e+02 1.738244406014585852e+00 2.356194490192344837e+00 3.049999999999999822e+00
1.110000000000000000e+02 1.738244406014585852e+00 2.748893571891068976e+00 3.189999999999999947e+00
1.120000000000000000e+02 1.738244406014585852e+00 3.141592653589793116e+00 3.080000000000000071e+00
1.130000000000000000e+02 1.738244406014585852e+00 3.534291735288516811e+00 3.160000000000000142e+00
1.140000000000000000e+02 1.738244406014585852e+00 3.926990816987240951e+00 3.129999999999999893e+00
1.150000000000000000e+02 1.738244406014585852e+00 4.319689898685965090e+00 2.979999999999999982e+00
1.160000000000000000e+02 1.738244406014585852e+00 4.712388980384689674e+00 2.549999999999999822e+00
1.170000000000000000e+02 1.738244406014585852e+00 5.105088062083414258e+00 3.000000000000000000e+00
1.180000000000000000e+02 1.738244406014585852e+00 5.497787143782137953e+00 3.229999999999999982e+00
1.190000000000000000e+02 1.738244406014585852e+00 5.890486225480860760e+00 2.950000000000000178e+00
1.200000000000000000e+02 1.910633236249018596e+00 1.963495408493620697e-01 3.049999999999999822e+00
1.210000000000000000e+02 1.910633236249018596e+00 5.890486225480862092e-01 3.029999999999999805e+00
1.220000000000000000e+02 1.910633236249018596e+00 9.817477042468102377e-01 3.069999999999999840e+00
1.230000000000000000e+02 1.910633236249018596e+00 1.374446785945534488e+00 3.200000000000000178e+00
1.240000000000000000e+02 1.910633236249018596e+00 1.767145867644258406e+00 3.040000000000000036e+00
1.250000000000000000e+02 1.910633236249018596e+00 2.159844949342982545e+00 3.009999999999999787e+00
1.260000000000000000e+02 1.910633236249018596e+00 2.552544031041707129e+00 3.120000000000000107e+00
1.270000000000000000e+02 1.910633236249018596e+00 2.945243112740430380e+00 2.939999999999999947e+00
1.280000000000000000e+02 1.910633236249018596e+00 3.337942194439155408e+00 3.270000000000000018e+00
1.290000000000000000e+02 1.910633236249018596e+00 3.730641276137879103e+00 3.200000000000000178e+00
1.300000000000000000e+02 1.910633236249018596e+00 4.123340357836603687e+00 2.930000000000000160e+00
1.310000000000000000e+02 1.910633236249018596e+00 4.516039439535327382e+00 2.939999999999999947e+00
1.320000000000000000e+02 1.910633236249018596e+00 4.908738521234051078e+00 2.560000000000000053e+00
1.330000000000000000e+02 1.910633236249018596e+00 5.301437602932775661e+00 3.250000000000000000e+00
1.340000000000000000e+02 1.910633236249018596e+00 5.694136684631499357e+00 3.129999999999999893e+00
1.350000000000000000e+02 1.910633236249018596e+00 6.086835766330223052e+00 2.910000000000000142e+00
1.360000000000000000e+02 2.094395102393195707e+00 0.000000000000000000e+00 3.160000000000000142e+00
1.370000000000000000e+02 2.094395102393195707e+00 3.926990816987241395e-01 3.240000000000000213e+00
1.380000000000000000e+02 2.094395102393195707e+00 7.853981633974482790e-01 2.990000000000000213e+00
1.390000000000000000e+02 2.094395102393195707e+00 1.178097245096172418e+00 2.919999999999999929e+00
1.400000000000000000e+02 2.094395102393195707e+00 1.570796326794896558e+00 3.240000000000000213e+00
1.410000000000000000e+02 2.094395102393195707e+00 1.963495408493620475e+00 3.290000000000000036e+00
1.420000000000000000e+02 2.094395102393195707e+00 2.356194490192344837e+00 3.069999999999999840e+00
1.430000000000000000e+02 2.094395102393195707e+00 2.748893571891068976e+00 3.109999999999999876e+00
1.440000000000000000e+02 2.094395102393195707e+00 3.141592653589793116e+00 3.049999999999999822e+00
1.450000000000000000e+02 2.094395102393195707e+00 3.534291735288516811e+00 3.459999999999999964e+00
1.460000000000000000e+02 2.094395102393195707e+00 3.926990816987240951e+00 3.160000000000000142e+00
1.470000000000000000e+02 2.094395102393195707e+00 4.319689898685965090e+00 2.859999999999999876e+00
1.480000000000000000e+02 2.094395102393195707e+00 4.712388980384689674e+00 1.860000000000000098e+00
1.490000000000000000e+02 2.094395102393195707e+00 5.105088062083414258e+00 3.200000000000000178e+00
1.500000000000000000e+02 2.094395102393195707e+00 5.497787143782137953e+00 3.299999999999999822e+00
1.510000000000000000e+02 2.094395102393195707e+00 5.890486225480860760e+00 3.240000000000000213e+00
1.520000000000000000e+02 2.300523983021863117e+00 1.963495408493620697e-01 3.109999999999999876e+00
1.530000000000000000e+02 2.300523983021863117e+00 5.890486225480862092e-01 2.950000000000000178e+00
1.540000000000000000e+02 2.300523983021863117e+00 9.817477042468102377e-01 2.890000000000000124e+00
1.550000000000000000e+02 2.300523983021863117e+00 1.374446785945534488e+00 3.069999999999999840e+00
1.560000000000000000e+02 2.300523983021863117e+00 1.767145867644258406e+00 3.229999999999999982e+00
1.570000000000000000e+02 2.300523983021863117e+00 2.159844949342982545e+00 2.910000000000000142e+00
1.580000000000000000e+02 2.300523983021863117e+00 2.552544031041707129e+00 3.120000000000000107e+00
1.590000000000000000e+02 2.300523983021863117e+00 2.945243112740430380e+00 3.140000000000000124e+00
1.600000000000000000e+02 2.300523983021863117e+00 3.337942194439155408e+00 3.229999999999999982e+00
1.610000000000000000e+02 2.300523983021863117e+00 3.730641276137879103e+00 3.279999999999999805e+00
1.620000000000000000e+02 2.300523983021863117e+00 4.123340357836603687e+00 3.049999999999999822e+00
1.630000000000000000e+02 2.300523983021863117e+00 4.516039439535327382e+00 1.889999999999999902e+00
1.640000000000000000e+02 2.300523983021863117e+00 4.908738521234051078e+00 2.919999999999999929e+00
1.650000000000000000e+02 2.300523983021863117e+00 5.301437602932775661e+00 3.160000000000000142e+00
1.660000000000000000e+02 2.300523983021863117e+00 5.694136684631499357e+00 3.140000000000000124e+00
1.670000000000000000e+02 2.300523983021863117e+00 6.086835766330223052e+00 2.970000000000000195e+00
1.680000000000000000e+02 2.519224165034772422e+00 2.617993877991494078e-01 3.109999999999999876e+00
1.690000000000000000e+02 2.519224165034772422e+00 7.853981633974482790e-01 2.959999999999999964e+00
1.700000000000000000e+02 2.519224165034772422e+00 1.308996938995747206e+00 3.089999999999999858e+00
1.710000000000000000e+02 2.519224165034772422e+00 1.832595714594045910e+00 3.140000000000000124e+00
1.720000000000000000e+02 2.519224165034772422e+00 2.356194490192344837e+00 2.790000000000000036e+00
1.730000000000000000e+02 2.519224165034772422e+00 2.879793265790643542e+00 2.879999999999999893e+00
1.740000000000000000e+02 2.519224165034772422e+00 3.403392041388942690e+00 2.979999999999999982e+00
1.750000000000000000e+02 2.519224165034772422e+00 3.926990816987240951e+00 2.560000000000000053e+00
1.760000000000000000e+02 2.519224165034772422e+00 4.450589592585540544e+00 2.640000000000000124e+00
1.770000000000000000e+02 2.519224165034772422e+00 4.974188368183838804e+00 3.160000000000000142e+00
1.780000000000000000e+02 2.519224165034772422e+00 5.497787143782137953e+00 3.229999999999999982e+00
1.790000000000000000e+02 2.519224165034772422e+00 6.021385919380436214e+00 3.000000000000000000e+00
1.800000000000000000e+02 2.730454791267445280e+00 3.926990816987241395e-01 3.020000000000000018e+00
1.810000000000000000e+02 2.730454791267445280e+00 1.178097245096172418e+00 3.160000000000000142e+00
1.820000000000000000e+02 2.730454791267445280e+00 1.963495408493620697e+00 3.240000000000000213e+00
1.830000000000000000e+02 2.730454791267445280e+00 2.748893571891068976e+00 2.740000000000000213e+00
1.840000000000000000e+02 2.730454791267445280e+00 3.534291735288517255e+00 2.339999999999999858e+00
1.850000000000000000e+02 2.730454791267445280e+00 4.319689898685965090e+00 3.149999999999999911e+00
1.860000000000000000e+02 2.730454791267445280e+00 5.105088062083414258e+00 3.089999999999999858e+00
1.870000000000000000e+02 2.730454791267445280e+00 5.890486225480861648e+00 3.109999999999999876e+00
1.880000000000000000e+02 2.937112454621258362e+00 7.853981633974482790e-01 2.979999999999999982e+00
1.890000000000000000e+02 2.937112454621258362e+00 2.356194490192344837e+00 2.959999999999999964e+00
1.900000000000000000e+02 2.937112454621258362e+00 3.926990816987241395e+00 2.959999999999999964e+00
1.910000000000000000e+02 2.937112454621258362e+00 5.497787143782137953e+00 3.100000000000000089e+00
