0.000000000000000000e+00 4.111378623223477802e-01 7.853981633974482790e-01 1.136999999999999922e+01
1.000000000000000000e+00 4.111378623223477802e-01 2.356194490192344837e+00 1.142999999999999972e+01
2.000000000000000000e+00 4.111378623223477802e-01 3.926990816987241395e+00 1.100000000000000000e+01
3.000000000000000000e+00 4.111378623223477802e-01 5.497787143782137953e+00 1.080000000000000071e+01
4.000000000000000000e+00 8.410686705679303321e-01 3.926990816987241395e-01 9.759999999999999787e+00
5.000000000000000000e+00 8.410686705679303321e-01 1.178097245096172418e+00 1.106000000000000050e+01
6.000000000000000000e+00 8.410686705679303321e-01 1.963495408493620475e+00 1.038000000000000078e+01
7.000000000000000000e+00 8.410686705679303321e-01 2.748893571891068976e+00 1.150000000000000000e+01
8.000000000000000000e+00 8.410686705679303321e-01 3.534291735288516811e+00 1.149000000000000021e+01
9.000000000000000000e+00 8.410686705679303321e-01 4.319689898685965090e+00 1.003999999999999915e+01
1.000000000000000000e+01 8.410686705679303321e-01 5.105088062083414258e+00 9.330000000000000071e+00
1.100000000000000000e+01 8.410686705679303321e-01 5.890486225480860760e+00 1.114000000000000057e+01
1.200000000000000000e+01 1.230959417340774742e+00 0.000000000000000000e+00 1.081000000000000050e+01
1.300000000000000000e+01 1.230959417340774742e+00 7.853981633974482790e-01 1.048000000000000043e+01
1.400000000000000000e+01 1.230959417340774742e+00 1.570796326794896558e+00 1.030000000000000071e+01
1.500000000000000000e+01 1.230959417340774742e+00 2.356194490192344837e+00 1.096000000000000085e+01
1.600000000000000000e+01 1.230959417340774742e+00 3.141592653589793116e+00 1.183999999999999986e+01
1.700000000000000000e+01 1.230959417340774742e+00 3.926990816987240951e+00 1.140000000000000036e+01
1.800000000000000000e+01 1.230959417340774742e+00 4.712388980384689674e+00 1.075000000000000000e+01
1.900000000000000000e+01 1.230959417340774742e+00 5.497787143782137953e+00 1.031000000000000050e+01
2.000000000000000000e+01 1.570796326794896558e+00 3.926990816987241395e-01 1.159999999999999964e+01
2.100000000000000000e+01 1.570796326794896558e+00 1.178097245096172418e+00 1.039000000000000057e+01
2.200000000000000000e+01 1.570796326794896558e+00 1.963495408493620475e+00 1.093999999999999950e+01
2.300000000000000000e+01 1.570796326794896558e+00 2.748893571891068976e+00 1.111999999999999922e+01
2.400000000000000000e+01 1.570796326794896558e+00 3.534291735288516811e+00 1.166999999999999993e+01
2.500000000000000000e+01 1.570796326794896558e+00 4.319689898685965090e+00 1.078999999999999915e+01
2.600000000000000000e+01 1.570796326794896558e+00 5.105088062083414258e+00 1.039000000000000057e+01
2.700000000000000000e+01 1.570796326794896558e+00 5.890486225480860760e+00 1.011999999999999922e+01
2.800000000000000000e+01 1.910633236249018596e+00 0.000000000000000000e+00 1.107000000000000028e+01
2.900000000000000000e+01 1.910633236249018596e+00 7.853981633974482790e-01 1.180000000000000071e+01
3.000000000000000000e+01 1.910633236249018596e+00 1.570796326794896558e+00 1.119999999999999929e+01
3.100000000000000000e+01 1.910633236249018596e+00 2.356194490192344837e+00 1.142999999999999972e+01
3.200000000000000000e+01 1.910633236249018596e+00 3.141592653589793116e+00 1.155000000000000071e+01
3.300000000000000000e+01 1.910633236249018596e+00 3.926990816987240951e+00 1.113000000000000078e+01
3.400000000000000000e+01 1.910633236249018596e+00 4.712388980384689674e+00 1.059999999999999964e+01
3.500000000000000000e+01 1.910633236249018596e+00 5.497787143782137953e+00 1.044999999999999929e+01
3.600000000000000000e+01 2.300523983021863117e+00 3.926990816987241395e-01 1.058000000000000007e+01
3.700000000000000000e+01 2.300523983021863117e+00 1.178097245096172418e+00 1.191000000000000014e+01
3.800000000000000000e+01 2.300523983021863117e+00 1.963495408493620475e+00 1.130000000000000071e+01
3.900000000000000000e+01 2.300523983021863117e+00 2.748893571891068976e+00 1.083000000000000007e+01
4.000000000000000000e+01 2.300523983021863117e+00 3.534291735288516811e+00 1.163000000000000078e+01
4.100000000000000000e+01 2.300523983021863117e+00 4.319689898685965090e+00 1.058999999999999986e+01
4.200000000000000000e+01 2.300523983021863117e+00 5.105088062083414258e+00 1.038000000000000078e+01
4.300000000000000000e+01 2.300523983021863117e+00 5.890486225480860760e+00 1.157000000000000028e+01
4.400000000000000000e+01 2.730454791267445280e+00 7.853981633974482790e-01 1.096000000000000085e+01
4.500000000000000000e+01 2.730454791267445280e+00 2.356194490192344837e+00 1.133000000000000007e+01
4.600000000000000000e+01 2.730454791267445280e+00 3.926990816987241395e+00 1.052999999999999936e+01
4.700000000000000000e+01 2.730454791267445280e+00 5.497787143782137953e+00 1.097000000000000064e+01
