0.000000000000000000e+00 2.044801989685349763e-01 7.853981633974482790e-01 1.142999999999999972e+01
1.000000000000000000e+00 2.044801989685349763e-01 2.356194490192344837e+00 1.161999999999999922e+01
2.000000000000000000e+00 2.044801989685349763e-01 3.926990816987241395e+00 1.023000000000000043e+01
3.000000000000000000e+00 2.044801989685349763e-01 5.497787143782137953e+00 1.067999999999999972e+01
4.000000000000000000e+00 4.111378623223477802e-01 3.926990816987241395e-01 1.133999999999999986e+01
5.000000000000000000e+00 4.111378623223477802e-01 1.178097245096172418e+00 1.159999999999999964e+01
6.000000000000000000e+00 4.111378623223477802e-01 1.963495408493620697e+00 1.100000000000000000e+01
7.000000000000000000e+00 4.111378623223477802e-01 2.748893571891068976e+00 1.150000000000000000e+01
8.000000000000000000e+00 4.111378623223477802e-01 3.534291735288517255e+00 1.182000000000000028e+01
9.000000000000000000e+00 4.111378623223477802e-01 4.319689898685965090e+00 1.064000000000000057e+01
1.000000000000000000e+01 4.111378623223477802e-01 5.105088062083414258e+00 1.113000000000000078e+01
1.100000000000000000e+01 4.111378623223477802e-01 5.890486225480861648e+00 1.121000000000000085e+01
1.200000000000000000e+01 6.223684885550205825e-01 2.617993877991494078e-01 1.053999999999999915e+01
1.300000000000000000e+01 6.223684885550205825e-01 7.853981633974482790e-01 1.142999999999999972e+01
1.400000000000000000e+01 6.223684885550205825e-01 1.308996938995747206e+00 1.133000000000000007e+01
1.500000000000000000e+01 6.223684885550205825e-01 1.832595714594045910e+00 1.139000000000000057e+01
1.600000000000000000e+01 6.223684885550205825e-01 2.356194490192344837e+00 1.142999999999999972e+01
1.700000000000000000e+01 6.223684885550205825e-01 2.879793265790643542e+00 1.153999999999999915e+01
1.800000000000000000e+01 6.223684885550205825e-01 3.403392041388942690e+00 1.138000000000000078e+01
1.900000000000000000e+01 6.223684885550205825e-01 3.926990816987240951e+00 1.150999999999999979e+01
2.000000000000000000e+01 6.223684885550205825e-01 4.450589592585540544e+00 1.078999999999999915e+01
2.100000000000000000e+01 6.223684885550205825e-01 4.974188368183838804e+00 1.059999999999999964e+01
2.200000000000000000e+01 6.223684885550205825e-01 5.497787143782137953e+00 1.117999999999999972e+01
2.300000000000000000e+01 6.223684885550205825e-01 6.021385919380436214e+00 1.043999999999999950e+01
2.400000000000000000e+01 8.410686705679303321e-01 1.963495408493620697e-01 9.730000000000000426e+00
2.500000000000000000e+01 8.410686705679303321e-01 5.890486225480862092e-01 1.069999999999999929e+01
2.600000000000000000e+01 8.410686705679303321e-01 9.817477042468102377e-01 1.166000000000000014e+01
2.700000000000000000e+01 8.410686705679303321e-01 1.374446785945534488e+00 1.123000000000000043e+01
2.800000000000000000e+01 8.410686705679303321e-01 1.767145867644258406e+00 9.539999999999999147e+00
2.900000000000000000e+01 8.410686705679303321e-01 2.159844949342982545e+00 1.056000000000000050e+01
3.000000000000000000e+01 8.410686705679303321e-01 2.552544031041707129e+00 1.106000000000000050e+01
3.100000000000000000e+01 8.410686705679303321e-01 2.945243112740430380e+00 1.134999999999999964e+01
3.200000000000000000e+01 8.410686705679303321e-01 3.337942194439155408e+00 1.131000000000000050e+01
3.300000000000000000e+01 8.410686705679303321e-01 3.730641276137879103e+00 1.180000000000000071e+01
3.400000000000000000e+01 8.410686705679303321e-01 4.123340357836603687e+00 1.086999999999999922e+01
3.500000000000000000e+01 8.410686705679303321e-01 4.516039439535327382e+00 1.038000000000000078e+01
3.600000000000000000e+01 8.410686705679303321e-01 4.908738521234051078e+00 1.083000000000000007e+01
3.700000000000000000e+01 8.410686705679303321e-01 5.301437602932775661e+00 1.058999999999999986e+01
3.800000000000000000e+01 8.410686705679303321e-01 5.694136684631499357e+00 1.117999999999999972e+01
3.900000000000000000e+01 8.410686705679303321e-01 6.086835766330223052e+00 1.032000000000000028e+01
4.000000000000000000e+01 1.047197551196597853e+00 0.000000000000000000e+00 1.066000000000000014e+01
4.100000000000000000e+01 1.047197551196597853e+00 3.926990816987241395e-01 1.106000000000000050e+01
4.200000000000000000e+01 1.047197551196597853e+00 7.853981633974482790e-01 1.098000000000000043e+01
4.300000000000000000e+01 1.047197551196597853e+00 1.178097245096172418e+00 1.151999999999999957e+01
4.400000000000000000e+01 1.047197551196597853e+00 1.570796326794896558e+00 1.102999999999999936e+01
4.500000000000000000e+01 1.047197551196597853e+00 1.963495408493620475e+00 1.041000000000000014e+01
4.600000000000000000e+01 1.047197551196597853e+00 2.356194490192344837e+00 1.119999999999999929e+01
4.700000000000000000e+01 1.047197551196597853e+00 2.748893571891068976e+00 1.102999999999999936e+01
4.800000000000000000e+01 1.047197551196597853e+00 3.141592653589793116e+00 1.147000000000000064e+01
4.900000000000000000e+01 1.047197551196597853e+00 3.534291735288516811e+00 1.100999999999999979e+01
5.000000000000000000e+01 1.047197551196597853e+00 3.926990816987240951e+00 1.028999999999999915e+01
5.100000000000000000e+01 1.047197551196597853e+00 4.319689898685965090e+00 1.034999999999999964e+01
5.200000000000000000e+01 1.047197551196597853e+00 4.712388980384689674e+00 1.100999999999999979e+01
5.300000000000000000e+01 1.047197551196597853e+00 5.105088062083414258e+00 9.179999999999999716e+00
5.400000000000000000e+01 1.047197551196597853e+00 5.497787143782137953e+00 1.088000000000000078e+01
5.500000000000000000e+01 1.047197551196597853e+00 5.890486225480860760e+00 1.100999999999999979e+01
5.600000000000000000e+01 1.230959417340774742e+00 1.963495408493620697e-01 9.650000000000000355e+00
5.700000000000000000e+01 1.230959417340774742e+00 5.890486225480862092e-01 1.103999999999999915e+01
5.800000000000000000e+01 1.230959417340774742e+00 9.817477042468102377e-01 9.529999999999999361e+00
5.900000000000000000e+01 1.230959417340774742e+00 1.374446785945534488e+00 1.088000000000000078e+01
6.000000000000000000e+01 1.230959417340774742e+00 1.767145867644258406e+00 1.068999999999999950e+01
6.100000000000000000e+01 1.230959417340774742e+00 2.159844949342982545e+00 1.100999999999999979e+01
6.200000000000000000e+01 1.230959417340774742e+00 2.552544031041707129e+00 1.126999999999999957e+01
6.300000000000000000e+01 1.230959417340774742e+00 2.945243112740430380e+00 1.119999999999999929e+01
6.400000000000000000e+01 1.230959417340774742e+00 3.337942194439155408e+00 1.173000000000000043e+01
6.500000000000000000e+01 1.230959417340774742e+00 3.730641276137879103e+00 1.040000000000000036e+01
6.600000000000000000e+01 1.230959417340774742e+00 4.123340357836603687e+00 1.093999999999999950e+01
6.700000000000000000e+01 1.230959417340774742e+00 4.516039439535327382e+00 1.093999999999999950e+01
6.800000000000000000e+01 1.230959417340774742e+00 4.908738521234051078e+00 1.124000000000000021e+01
6.900000000000000000e+01 1.230959417340774742e+00 5.301437602932775661e+00 9.990000000000000213e+00
7.000000000000000000e+01 1.230959417340774742e+00 5.694136684631499357e+00 1.021000000000000085e+01
7.100000000000000000e+01 1.230959417340774742e+00 6.086835766330223052e+00 1.101999999999999957e+01
7.200000000000000000e+01 1.403348247575207264e+00 0.000000000000000000e+00 1.094999999999999929e+01
7.300000000000000000e+01 1.403348247575207264e+00 3.926990816987241395e-01 1.141999999999999993e+01
7.400000000000000000e+01 1.403348247575207264e+00 7.853981633974482790e-01 1.118999999999999950e+01
7.500000000000000000e+01 1.403348247575207264e+00 1.178097245096172418e+00 1.127999999999999936e+01
7.600000000000000000e+01 1.403348247575207264e+00 1.570796326794896558e+00 1.101999999999999957e+01
7.700000000000000000e+01 1.403348247575207264e+00 1.963495408493620475e+00 1.040000000000000036e+01
7.800000000000000000e+01 1.403348247575207264e+00 2.356194490192344837e+00 1.114000000000000057e+01
7.900000000000000000e+01 1.403348247575207264e+00 2.748893571891068976e+00 1.127999999999999936e+01
8.000000000000000000e+01 1.403348247575207264e+00 3.141592653589793116e+00 1.201999999999999957e+01
8.100000000000000000e+01 1.403348247575207264e+00 3.534291735288516811e+00 1.084999999999999964e+01
8.200000000000000000e+01 1.403348247575207264e+00 3.926990816987240951e+00 1.142999999999999972e+01
8.300000000000000000e+01 1.403348247575207264e+00 4.319689898685965090e+00 1.066000000000000014e+01
8.400000000000000000e+01 1.403348247575207264e+00 4.712388980384689674e+00 1.144999999999999929e+01
8.500000000000000000e+01 1.403348247575207264e+00 5.105088062083414258e+00 1.000999999999999979e+01
8.600000000000000000e+01 1.403348247575207264e+00 5.497787143782137953e+00 9.009999999999999787e+00
8.700000000000000000e+01 1.403348247575207264e+00 5.890486225480860760e+00 1.057000000000000028e+01
8.800000000000000000e+01 1.570796326794896558e+00 1.963495408493620697e-01 1.046000000000000085e+01
8.900000000000000000e+01 1.570796326794896558e+00 5.890486225480862092e-01 1.121000000000000085e+01
9.000000000000000000e+01 1.570796326794896558e+00 9.817477042468102377e-01 1.114000000000000057e+01
9.100000000000000000e+01 1.570796326794896558e+00 1.374446785945534488e+00 1.143999999999999950e+01
9.200000000000000000e+01 1.570796326794896558e+00 1.767145867644258406e+00 1.124000000000000021e+01
9.300000000000000000e+01 1.570796326794896558e+00 2.159844949342982545e+00 1.002999999999999936e+01
9.400000000000000000e+01 1.570796326794896558e+00 2.552544031041707129e+00 1.106000000000000050e+01
9.500000000000000000e+01 1.570796326794896558e+00 2.945243112740430380e+00 1.094999999999999929e+01
9.600000000000000000e+01 1.570796326794896558e+00 3.337942194439155408e+00 1.181000000000000050e+01
9.700000000000000000e+01 1.570796326794896558e+00 3.730641276137879103e+00 1.150999999999999979e+01
9.800000000000000000e+01 1.570796326794896558e+00 4.123340357836603687e+00 1.091999999999999993e+01
9.900000000000000000e+01 1.570796326794896558e+00 4.516039439535327382e+00 1.056000000000000050e+01
1.000000000000000000e+02 1.570796326794896558e+00 4.908738521234051078e+00 1.082000000000000028e+01
1.010000000000000000e+02 1.570796326794896558e+00 5.301437602932775661e+00 9.990000000000000213e+00
1.020000000000000000e+02 1.570796326794896558e+00 5.694136684631499357e+00 1.013000000000000078e+01
1.030000000000000000e+02 1.570796326794896558e+00 6.086835766330223052e+00 1.116000000000000014e+01
1.040000000000000000e+02 1.738244406014585852e+00 0.000000000000000000e+00 1.064000000000000057e+01
1.050000000000000000e+02 1.738244406014585852e+00 3.926990816987241395e-01 1.128999999999999915e+01
1.060000000000000000e+02 1.738244406014585852e+00 7.853981633974482790e-01 1.135999999999999943e+01
1.070000000000000000e+02 1.738244406014585852e+00 1.178097245096172418e+00 1.141999999999999993e+01
1.080000000000000000e+02 1.738244406014585852e+00 1.570796326794896558e+00 1.111999999999999922e+01
1.090000000000000000e+02 1.738244406014585852e+00 1.963495408493620475e+00 1.084999999999999964e+01
1.100000000000000000e+02 1.738244406014585852e+00 2.356194490192344837e+00 1.122000000000000064e+01
1.110000000000000000e+02 1.738244406014585852e+00 2.748893571891068976e+00 1.066000000000000014e+01
1.120000000000000000e+02 1.738244406014585852e+00 3.141592653589793116e+00 1.133999999999999986e+01
1.130000000000000000e+02 1.738244406014585852e+00 3.534291735288516811e+00 1.152999999999999936e+01
1.140000000000000000e+02 1.738244406014585852e+00 3.926990816987240951e+00 1.146000000000000085e+01
1.150000000000000000e+02 1.738244406014585852e+00 4.319689898685965090e+00 9.859999999999999432e+00
1.160000000000000000e+02 1.738244406014585852e+00 4.712388980384689674e+00 1.076999999999999957e+01
1.170000000000000000e+02 1.738244406014585852e+00 5.105088062083414258e+00 1.077999999999999936e+01
1.180000000000000000e+02 1.738244406014585852e+00 5.497787143782137953e+00 1.035999999999999943e+01
1.190000000000000000e+02 1.738244406014585852e+00 5.890486225480860760e+00 1.105000000000000071e+01
1.200000000000000000e+02 1.910633236249018596e+00 1.963495408493620697e-01 1.050999999999999979e+01
1.210000000000000000e+02 1.910633236249018596e+00 5.890486225480862092e-01 1.049000000000000021e+01
1.220000000000000000e+02 1.910633236249018596e+00 9.817477042468102377e-01 1.158999999999999986e+01
1.230000000000000000e+02 1.910633236249018596e+00 1.374446785945534488e+00 1.146000000000000085e+01
1.240000000000000000e+02 1.910633236249018596e+00 1.767145867644258406e+00 1.158999999999999986e+01
1.250000000000000000e+02 1.910633236249018596e+00 2.159844949342982545e+00 1.149000000000000021e+01
1.260000000000000000e+02 1.910633236249018596e+00 2.552544031041707129e+00 1.164000000000000057e+01
1.270000000000000000e+02 1.910633236249018596e+00 2.945243112740430380e+00 1.093999999999999950e+01
1.280000000000000000e+02 1.910633236249018596e+00 3.337942194439155408e+00 1.186999999999999922e+01
1.290000000000000000e+02 1.910633236249018596e+00 3.730641276137879103e+00 1.103999999999999915e+01
1.300000000000000000e+02 1.910633236249018596e+00 4.123340357836603687e+00 1.041999999999999993e+01
1.310000000000000000e+02 1.910633236249018596e+00 4.516039439535327382e+00 1.027999999999999936e+01
1.320000000000000000e+02 1.910633236249018596e+00 4.908738521234051078e+00 1.028999999999999915e+01
1.330000000000000000e+02 1.910633236249018596e+00 5.301437602932775661e+00 1.100000000000000000e+01
1.340000000000000000e+02 1.910633236249018596e+00 5.694136684631499357e+00 1.098000000000000043e+01
1.350000000000000000e+02 1.910633236249018596e+00 6.086835766330223052e+00 1.078999999999999915e+01
1.360000000000000000e+02 2.094395102393195707e+00 0.000000000000000000e+00 1.074000000000000021e+01
1.370000000000000000e+02 2.094395102393195707e+00 3.926990816987241395e-01 1.066999999999999993e+01
1.380000000000000000e+02 2.094395102393195707e+00 7.853981633974482790e-01 1.132000000000000028e+01
1.390000000000000000e+02 2.094395102393195707e+00 1.178097245096172418e+00 1.091000000000000014e+01
1.400000000000000000e+02 2.094395102393195707e+00 1.570796326794896558e+00 1.132000000000000028e+01
1.410000000000000000e+02 2.094395102393195707e+00 1.963495408493620475e+00 1.166000000000000014e+01
1.420000000000000000e+02 2.094395102393195707e+00 2.356194490192344837e+00 1.182000000000000028e+01
1.430000000000000000e+02 2.094395102393195707e+00 2.748893571891068976e+00 1.216000000000000014e+01
1.440000000000000000e+02 2.094395102393195707e+00 3.141592653589793116e+00 1.150000000000000000e+01
1.450000000000000000e+02 2.094395102393195707e+00 3.534291735288516811e+00 1.191000000000000014e+01
1.460000000000000000e+02 2.094395102393195707e+00 3.926990816987240951e+00 1.134999999999999964e+01
1.470000000000000000e+02 2.094395102393195707e+00 4.319689898685965090e+00 1.073000000000000043e+01
1.480000000000000000e+02 2.094395102393195707e+00 4.712388980384689674e+00 1.000000000000000036e-10
1.490000000000000000e+02 2.094395102393195707e+00 5.105088062083414258e+00 1.014000000000000057e+01
1.500000000000000000e+02 2.094395102393195707e+00 5.497787143782137953e+00 1.097000000000000064e+01
1.510000000000000000e+02 2.094395102393195707e+00 5.890486225480860760e+00 1.159999999999999964e+01
1.520000000000000000e+02 2.300523983021863117e+00 1.963495408493620697e-01 1.025999999999999979e+01
1.530000000000000000e+02 2.300523983021863117e+00 5.890486225480862092e-01 1.028999999999999915e+01
1.540000000000000000e+02 2.300523983021863117e+00 9.817477042468102377e-01 1.186999999999999922e+01
1.550000000000000000e+02 2.300523983021863117e+00 1.374446785945534488e+00 1.061999999999999922e+01
1.560000000000000000e+02 2.300523983021863117e+00 1.767145867644258406e+00 1.052999999999999936e+01
1.570000000000000000e+02 2.300523983021863117e+00 2.159844949342982545e+00 1.094999999999999929e+01
1.580000000000000000e+02 2.300523983021863117e+00 2.552544031041707129e+00 1.164000000000000057e+01
1.590000000000000000e+02 2.300523983021863117e+00 2.945243112740430380e+00 1.166999999999999993e+01
1.600000000000000000e+02 2.300523983021863117e+00 3.337942194439155408e+00 1.208000000000000007e+01
1.610000000000000000e+02 2.300523983021863117e+00 3.730641276137879103e+00 1.171000000000000085e+01
1.620000000000000000e+02 2.300523983021863117e+00 4.123340357836603687e+00 1.027999999999999936e+01
1.630000000000000000e+02 2.300523983021863117e+00 4.516039439535327382e+00 9.570000000000000284e+00
1.640000000000000000e+02 2.300523983021863117e+00 4.908738521234051078e+00 1.003999999999999915e+01
1.650000000000000000e+02 2.300523983021863117e+00 5.301437602932775661e+00 1.166000000000000014e+01
1.660000000000000000e+02 2.300523983021863117e+00 5.694136684631499357e+00 1.169999999999999929e+01
1.670000000000000000e+02 2.300523983021863117e+00 6.086835766330223052e+00 1.158999999999999986e+01
1.680000000000000000e+02 2.519224165034772422e+00 2.617993877991494078e-01 9.730000000000000426e+00
1.690000000000000000e+02 2.519224165034772422e+00 7.853981633974482790e-01 1.016000000000000014e+01
1.700000000000000000e+02 2.519224165034772422e+00 1.308996938995747206e+00 1.141000000000000014e+01
1.710000000000000000e+02 2.519224165034772422e+00 1.832595714594045910e+00 1.099000000000000021e+01
1.720000000000000000e+02 2.519224165034772422e+00 2.356194490192344837e+00 1.139000000000000057e+01
1.730000000000000000e+02 2.519224165034772422e+00 2.879793265790643542e+00 1.151999999999999957e+01
1.740000000000000000e+02 2.519224165034772422e+00 3.403392041388942690e+00 1.155000000000000071e+01
1.750000000000000000e+02 2.519224165034772422e+00 3.926990816987240951e+00 1.141999999999999993e+01
1.760000000000000000e+02 2.519224165034772422e+00 4.450589592585540544e+00 1.127999999999999936e+01
1.770000000000000000e+02 2.519224165034772422e+00 4.974188368183838804e+00 1.178999999999999915e+01
1.780000000000000000e+02 2.519224165034772422e+00 5.497787143782137953e+00 1.150999999999999979e+01
1.790000000000000000e+02 2.519224165034772422e+00 6.021385919380436214e+00 1.071000000000000085e+01
1.800000000000000000e+02 2.730454791267445280e+00 3.926990816987241395e-01 1.046000000000000085e+01
1.810000000000000000e+02 2.730454791267445280e+00 1.178097245096172418e+00 1.105000000000000071e+01
1.820000000000000000e+02 2.730454791267445280e+00 1.963495408493620697e+00 1.134999999999999964e+01
1.830000000000000000e+02 2.730454791267445280e+00 2.748893571891068976e+00 1.156000000000000050e+01
1.840000000000000000e+02 2.730454791267445280e+00 3.534291735288517255e+00 1.094999999999999929e+01
1.850000000000000000e+02 2.730454791267445280e+00 4.319689898685965090e+00 1.171000000000000085e+01
1.860000000000000000e+02 2.730454791267445280e+00 5.105088062083414258e+00 1.138000000000000078e+01
1.870000000000000000e+02 2.730454791267445280e+00 5.890486225480861648e+00 1.142999999999999972e+01
1.880000000000000000e+02 2.937112454621258362e+00 7.853981633974482790e-01 1.007000000000000028e+01
1.890000000000000000e+02 2.937112454621258362e+00 2.356194490192344837e+00 1.093999999999999950e+01
1.900000000000000000e+02 2.937112454621258362e+00 3.926990816987241395e+00 1.144999999999999929e+01
1.910000000000000000e+02 2.937112454621258362e+00 5.497787143782137953e+00 1.123000000000000043e+01
