0.000000000000000000e+00 8.410686705679303321e-01 7.853981633974482790e-01 1.435999999999999943e+01
1.000000000000000000e+00 8.410686705679303321e-01 2.356194490192344837e+00 1.416999999999999993e+01
2.000000000000000000e+00 8.410686705679303321e-01 3.926990816987240951e+00 1.407000000000000028e+01
3.000000000000000000e+00 8.410686705679303321e-01 5.497787143782137953e+00 1.391000000000000014e+01
4.000000000000000000e+00 1.570796326794896558e+00 0.000000000000000000e+00 1.398000000000000043e+01
5.000000000000000000e+00 1.570796326794896558e+00 1.570796326794896558e+00 1.418999999999999950e+01
6.000000000000000000e+00 1.570796326794896558e+00 3.141592653589793116e+00 1.421000000000000085e+01
7.000000000000000000e+00 1.570796326794896558e+00 4.712388980384689674e+00 1.383000000000000007e+01
8.000000000000000000e+00 2.300523983021863117e+00 7.853981633974482790e-01 1.405000000000000071e+01
9.000000000000000000e+00 2.300523983021863117e+00 2.356194490192344837e+00 1.427999999999999936e+01
1.000000000000000000e+01 2.300523983021863117e+00 3.926990816987240951e+00 1.440000000000000036e+01
1.100000000000000000e+01 2.300523983021863117e+00 5.497787143782137953e+00 1.422000000000000064e+01
