0.000000000000000000e+00 4.111378623223477802e-01 7.853981633974482790e-01 1.271000000000000085e+01
1.000000000000000000e+00 4.111378623223477802e-01 2.356194490192344837e+00 1.281000000000000050e+01
2.000000000000000000e+00 4.111378623223477802e-01 3.926990816987241395e+00 1.235999999999999943e+01
3.000000000000000000e+00 4.111378623223477802e-01 5.497787143782137953e+00 1.226999999999999957e+01
4.000000000000000000e+00 8.410686705679303321e-01 3.926990816987241395e-01 1.241000000000000014e+01
5.000000000000000000e+00 8.410686705679303321e-01 1.178097245096172418e+00 1.268999999999999950e+01
6.000000000000000000e+00 8.410686705679303321e-01 1.963495408493620475e+00 1.234999999999999964e+01
7.000000000000000000e+00 8.410686705679303321e-01 2.748893571891068976e+00 1.277999999999999936e+01
8.000000000000000000e+00 8.410686705679303321e-01 3.534291735288516811e+00 1.299000000000000021e+01
9.000000000000000000e+00 8.410686705679303321e-01 4.319689898685965090e+00 1.233000000000000007e+01
1.000000000000000000e+01 8.410686705679303321e-01 5.105088062083414258e+00 1.124000000000000021e+01
1.100000000000000000e+01 8.410686705679303321e-01 5.890486225480860760e+00 1.243999999999999950e+01
1.200000000000000000e+01 1.230959417340774742e+00 0.000000000000000000e+00 1.227999999999999936e+01
1.300000000000000000e+01 1.230959417340774742e+00 7.853981633974482790e-01 1.180000000000000071e+01
1.400000000000000000e+01 1.230959417340774742e+00 1.570796326794896558e+00 1.219999999999999929e+01
1.500000000000000000e+01 1.230959417340774742e+00 2.356194490192344837e+00 1.326999999999999957e+01
1.600000000000000000e+01 1.230959417340774742e+00 3.141592653589793116e+00 1.249000000000000021e+01
1.700000000000000000e+01 1.230959417340774742e+00 3.926990816987240951e+00 1.306000000000000050e+01
1.800000000000000000e+01 1.230959417340774742e+00 4.712388980384689674e+00 1.250999999999999979e+01
1.900000000000000000e+01 1.230959417340774742e+00 5.497787143782137953e+00 1.117999999999999972e+01
2.000000000000000000e+01 1.570796326794896558e+00 3.926990816987241395e-01 1.285999999999999943e+01
2.100000000000000000e+01 1.570796326794896558e+00 1.178097245096172418e+00 1.300000000000000000e+01
2.200000000000000000e+01 1.570796326794896558e+00 1.963495408493620475e+00 1.250000000000000000e+01
2.300000000000000000e+01 1.570796326794896558e+00 2.748893571891068976e+00 1.280000000000000071e+01
2.400000000000000000e+01 1.570796326794896558e+00 3.534291735288516811e+00 1.175000000000000000e+01
2.500000000000000000e+01 1.570796326794896558e+00 4.319689898685965090e+00 1.118999999999999950e+01
2.600000000000000000e+01 1.570796326794896558e+00 5.105088062083414258e+00 1.055000000000000071e+01
2.700000000000000000e+01 1.570796326794896558e+00 5.890486225480860760e+00 1.223000000000000043e+01
2.800000000000000000e+01 1.910633236249018596e+00 0.000000000000000000e+00 1.268999999999999950e+01
2.900000000000000000e+01 1.910633236249018596e+00 7.853981633974482790e-01 1.321000000000000085e+01
3.000000000000000000e+01 1.910633236249018596e+00 1.570796326794896558e+00 1.275000000000000000e+01
3.100000000000000000e+01 1.910633236249018596e+00 2.356194490192344837e+00 1.335999999999999943e+01
3.200000000000000000e+01 1.910633236249018596e+00 3.141592653589793116e+00 1.316999999999999993e+01
3.300000000000000000e+01 1.910633236249018596e+00 3.926990816987240951e+00 1.274000000000000021e+01
3.400000000000000000e+01 1.910633236249018596e+00 4.712388980384689674e+00 1.058999999999999986e+01
3.500000000000000000e+01 1.910633236249018596e+00 5.497787143782137953e+00 1.241999999999999993e+01
3.600000000000000000e+01 2.300523983021863117e+00 3.926990816987241395e-01 1.208000000000000007e+01
3.700000000000000000e+01 2.300523983021863117e+00 1.178097245096172418e+00 1.360999999999999943e+01
3.800000000000000000e+01 2.300523983021863117e+00 1.963495408493620475e+00 1.276999999999999957e+01
3.900000000000000000e+01 2.300523983021863117e+00 2.748893571891068976e+00 1.366000000000000014e+01
4.000000000000000000e+01 2.300523983021863117e+00 3.534291735288516811e+00 1.236999999999999922e+01
4.100000000000000000e+01 2.300523983021863117e+00 4.319689898685965090e+00 1.156000000000000050e+01
4.200000000000000000e+01 2.300523983021863117e+00 5.105088062083414258e+00 1.311999999999999922e+01
4.300000000000000000e+01 2.300523983021863117e+00 5.890486225480860760e+00 1.338000000000000078e+01
4.400000000000000000e+01 2.730454791267445280e+00 7.853981633974482790e-01 1.180000000000000071e+01
4.500000000000000000e+01 2.730454791267445280e+00 2.356194490192344837e+00 1.266999999999999993e+01
4.600000000000000000e+01 2.730454791267445280e+00 3.926990816987241395e+00 1.280000000000000071e+01
4.700000000000000000e+01 2.730454791267445280e+00 5.497787143782137953e+00 1.231000000000000050e+01
