0.000000000000000000e+00 8.410686705679303321e-01 7.853981633974482790e-01 1.440000000000000036e+01
1.000000000000000000e+00 8.410686705679303321e-01 2.356194490192344837e+00 1.449000000000000021e+01
2.000000000000000000e+00 8.410686705679303321e-01 3.926990816987240951e+00 1.408000000000000007e+01
3.000000000000000000e+00 8.410686705679303321e-01 5.497787143782137953e+00 1.425999999999999979e+01
4.000000000000000000e+00 1.570796326794896558e+00 0.000000000000000000e+00 1.447000000000000064e+01
5.000000000000000000e+00 1.570796326794896558e+00 1.570796326794896558e+00 1.444999999999999929e+01
6.000000000000000000e+00 1.570796326794896558e+00 3.141592653589793116e+00 1.380000000000000071e+01
7.000000000000000000e+00 1.570796326794896558e+00 4.712388980384689674e+00 1.425000000000000000e+01
8.000000000000000000e+00 2.300523983021863117e+00 7.853981633974482790e-01 1.525000000000000000e+01
9.000000000000000000e+00 2.300523983021863117e+00 2.356194490192344837e+00 1.480000000000000071e+01
1.000000000000000000e+01 2.300523983021863117e+00 3.926990816987240951e+00 1.369999999999999929e+01
1.100000000000000000e+01 2.300523983021863117e+00 5.497787143782137953e+00 1.473000000000000043e+01
