0.000000000000000000e+00 8.410686705679303321e-01 7.853981633974482790e-01 1.000000000000000036e-10
1.000000000000000000e+00 8.410686705679303321e-01 2.356194490192344837e+00 1.000000000000000036e-10
2.000000000000000000e+00 8.410686705679303321e-01 3.926990816987240951e+00 1.000000000000000036e-10
3.000000000000000000e+00 8.410686705679303321e-01 5.497787143782137953e+00 1.000000000000000036e-10
4.000000000000000000e+00 1.570796326794896558e+00 0.000000000000000000e+00 1.000000000000000036e-10
5.000000000000000000e+00 1.570796326794896558e+00 1.570796326794896558e+00 1.000000000000000036e-10
6.000000000000000000e+00 1.570796326794896558e+00 3.141592653589793116e+00 6.780000000000000249e+00
7.000000000000000000e+00 1.570796326794896558e+00 4.712388980384689674e+00 1.000000000000000036e-10
8.000000000000000000e+00 2.300523983021863117e+00 7.853981633974482790e-01 8.779999999999999361e+00
9.000000000000000000e+00 2.300523983021863117e+00 2.356194490192344837e+00 1.000000000000000036e-10
1.000000000000000000e+01 2.300523983021863117e+00 3.926990816987240951e+00 1.000000000000000036e-10
1.100000000000000000e+01 2.300523983021863117e+00 5.497787143782137953e+00 1.000000000000000036e-10
