0.000000000000000000e+00 1.021064223826040340e-01 7.853981633974482790e-01 4.070000000000000284e+00
1.000000000000000000e+00 1.021064223826040340e-01 2.356194490192344837e+00 4.139999999999999680e+00
2.000000000000000000e+00 1.021064223826040340e-01 3.926990816987241395e+00 4.190000000000000391e+00
3.000000000000000000e+00 1.021064223826040340e-01 5.497787143782137953e+00 4.099999999999999645e+00
4.000000000000000000e+00 2.044801989685349763e-01 3.926990816987241395e-01 4.000000000000000000e+00
5.000000000000000000e+00 2.044801989685349763e-01 1.178097245096172418e+00 4.230000000000000426e+00
6.000000000000000000e+00 2.044801989685349763e-01 1.963495408493620697e+00 4.230000000000000426e+00
7.000000000000000000e+00 2.044801989685349763e-01 2.748893571891068976e+00 4.410000000000000142e+00
8.000000000000000000e+00 2.044801989685349763e-01 3.534291735288517255e+00 4.259999999999999787e+00
9.000000000000000000e+00 2.044801989685349763e-01 4.319689898685965090e+00 4.299999999999999822e+00
1.000000000000000000e+01 2.044801989685349763e-01 5.105088062083414258e+00 4.379999999999999893e+00
1.100000000000000000e+01 2.044801989685349763e-01 5.890486225480861648e+00 3.870000000000000107e+00
1.200000000000000000e+01 3.073950510845033790e-01 2.617993877991494078e-01 3.689999999999999947e+00
1.300000000000000000e+01 3.073950510845033790e-01 7.853981633974482790e-01 3.629999999999999893e+00
1.400000000000000000e+01 3.073950510845033790e-01 1.308996938995747206e+00 4.299999999999999822e+00
1.500000000000000000e+01 3.073950510845033790e-01 1.832595714594045910e+00 4.280000000000000249e+00
1.600000000000000000e+01 3.073950510845033790e-01 2.356194490192344837e+00 4.179999999999999716e+00
1.700000000000000000e+01 3.073950510845033790e-01 2.879793265790643542e+00 4.549999999999999822e+00
1.800000000000000000e+01 3.073950510845033790e-01 3.403392041388942690e+00 4.209999999999999964e+00
1.900000000000000000e+01 3.073950510845033790e-01 3.926990816987240951e+00 4.150000000000000355e+00
2.000000000000000000e+01 3.073950510845033790e-01 4.450589592585540544e+00 4.360000000000000320e+00
2.100000000000000000e+01 3.073950510845033790e-01 4.974188368183838804e+00 4.459999999999999964e+00
2.200000000000000000e+01 3.073950510845033790e-01 5.497787143782137953e+00 3.700000000000000178e+00
2.300000000000000000e+01 3.073950510845033790e-01 6.021385919380436214e+00 3.430000000000000160e+00
2.400000000000000000e+01 4.111378623223477802e-01 1.963495408493620697e-01 3.459999999999999964e+00
2.500000000000000000e+01 4.111378623223477802e-01 5.890486225480862092e-01 3.759999999999999787e+00
2.600000000000000000e+01 4.111378623223477802e-01 9.817477042468103487e-01 3.759999999999999787e+00
2.700000000000000000e+01 4.111378623223477802e-01 1.374446785945534488e+00 4.250000000000000000e+00
2.800000000000000000e+01 4.111378623223477802e-01 1.767145867644258628e+00 4.309999999999999609e+00
2.900000000000000000e+01 4.111378623223477802e-01 2.159844949342982545e+00 4.290000000000000036e+00
3.000000000000000000e+01 4.111378623223477802e-01 2.552544031041707129e+00 4.110000000000000320e+00
3.100000000000000000e+01 4.111378623223477802e-01 2.945243112740430824e+00 4.240000000000000213e+00
3.200000000000000000e+01 4.111378623223477802e-01 3.337942194439155408e+00 4.030000000000000249e+00
3.300000000000000000e+01 4.111378623223477802e-01 3.730641276137879103e+00 4.019999999999999574e+00
3.400000000000000000e+01 4.111378623223477802e-01 4.123340357836603687e+00 4.280000000000000249e+00
3.500000000000000000e+01 4.111378623223477802e-01 4.516039439535327382e+00 4.410000000000000142e+00
3.600000000000000000e+01 4.111378623223477802e-01 4.908738521234051966e+00 4.309999999999999609e+00
3.700000000000000000e+01 4.111378623223477802e-01 5.301437602932775661e+00 4.120000000000000107e+00
3.800000000000000000e+01 4.111378623223477802e-01 5.694136684631500245e+00 3.779999999999999805e+00
3.900000000000000000e+01 4.111378623223477802e-01 6.086835766330223940e+00 3.629999999999999893e+00
4.000000000000000000e+01 5.160163873553204050e-01 1.570796326794896558e-01 3.879999999999999893e+00
4.100000000000000000e+01 5.160163873553204050e-01 4.712388980384689674e-01 3.819999999999999840e+00
4.200000000000000000e+01 5.160163873553204050e-01 7.853981633974482790e-01 3.770000000000000018e+00
4.300000000000000000e+01 5.160163873553204050e-01 1.099557428756427591e+00 4.009999999999999787e+00
4.400000000000000000e+01 5.160163873553204050e-01 1.413716694115406902e+00 3.979999999999999982e+00
4.500000000000000000e+01 5.160163873553204050e-01 1.727875959474385992e+00 4.309999999999999609e+00
4.600000000000000000e+01 5.160163873553204050e-01 2.042035224833365525e+00 4.500000000000000000e+00
4.700000000000000000e+01 5.160163873553204050e-01 2.356194490192344837e+00 4.080000000000000071e+00
4.800000000000000000e+01 5.160163873553204050e-01 2.670353755551324149e+00 4.150000000000000355e+00
4.900000000000000000e+01 5.160163873553204050e-01 2.984513020910303460e+00 4.459999999999999964e+00
5.000000000000000000e+01 5.160163873553204050e-01 3.298672286269282772e+00 4.190000000000000391e+00
5.100000000000000000e+01 5.160163873553204050e-01 3.612831551628262083e+00 4.099999999999999645e+00
5.200000000000000000e+01 5.160163873553204050e-01 3.926990816987241395e+00 4.240000000000000213e+00
5.300000000000000000e+01 5.160163873553204050e-01 4.241150082346220707e+00 4.290000000000000036e+00
5.400000000000000000e+01 5.160163873553204050e-01 4.555309347705200018e+00 4.410000000000000142e+00
5.500000000000000000e+01 5.160163873553204050e-01 4.869468613064179330e+00 4.339999999999999858e+00
5.600000000000000000e+01 5.160163873553204050e-01 5.183627878423158641e+00 4.349999999999999645e+00
5.700000000000000000e+01 5.160163873553204050e-01 5.497787143782137953e+00 3.890000000000000124e+00
5.800000000000000000e+01 5.160163873553204050e-01 5.811946409141117265e+00 3.709999999999999964e+00
5.900000000000000000e+01 5.160163873553204050e-01 6.126105674500096576e+00 3.520000000000000018e+00
6.000000000000000000e+01 6.223684885550206936e-01 1.308996938995747039e-01 4.179999999999999716e+00
6.100000000000000000e+01 6.223684885550206936e-01 3.926990816987241395e-01 4.019999999999999574e+00
6.200000000000000000e+01 6.223684885550206936e-01 6.544984694978736028e-01 3.899999999999999911e+00
6.300000000000000000e+01 6.223684885550206936e-01 9.162978572970229552e-01 4.139999999999999680e+00
6.400000000000000000e+01 6.223684885550206936e-01 1.178097245096172418e+00 3.750000000000000000e+00
6.500000000000000000e+01 6.223684885550206936e-01 1.439896632895321771e+00 3.979999999999999982e+00
6.600000000000000000e+01 6.223684885550206936e-01 1.701696020694471345e+00 4.509999999999999787e+00
6.700000000000000000e+01 6.223684885550206936e-01 1.963495408493620475e+00 4.540000000000000036e+00
6.800000000000000000e+01 6.223684885550206936e-01 2.225294796292770272e+00 4.500000000000000000e+00
6.900000000000000000e+01 6.223684885550206936e-01 2.487094184091919402e+00 4.379999999999999893e+00
7.000000000000000000e+01 6.223684885550206936e-01 2.748893571891068976e+00 4.360000000000000320e+00
7.100000000000000000e+01 6.223684885550206936e-01 3.010692959690218107e+00 4.530000000000000249e+00
7.200000000000000000e+01 6.223684885550206936e-01 3.272492347489368125e+00 4.419999999999999929e+00
7.300000000000000000e+01 6.223684885550206936e-01 3.534291735288517255e+00 4.200000000000000178e+00
7.400000000000000000e+01 6.223684885550206936e-01 3.796091123087666830e+00 4.250000000000000000e+00
7.500000000000000000e+01 6.223684885550206936e-01 4.057890510886815960e+00 4.259999999999999787e+00
7.600000000000000000e+01 6.223684885550206936e-01 4.319689898685965979e+00 4.370000000000000107e+00
7.700000000000000000e+01 6.223684885550206936e-01 4.581489286485115109e+00 4.370000000000000107e+00
7.800000000000000000e+01 6.223684885550206936e-01 4.843288674284264239e+00 4.339999999999999858e+00
7.900000000000000000e+01 6.223684885550206936e-01 5.105088062083413369e+00 4.330000000000000071e+00
8.000000000000000000e+01 6.223684885550206936e-01 5.366887449882562500e+00 3.750000000000000000e+00
8.100000000000000000e+01 6.223684885550206936e-01 5.628686837681712518e+00 3.120000000000000107e+00
8.200000000000000000e+01 6.223684885550206936e-01 5.890486225480862537e+00 3.660000000000000142e+00
8.300000000000000000e+01 6.223684885550206936e-01 6.152285613280011667e+00 3.870000000000000107e+00
8.400000000000000000e+01 7.305737448965523573e-01 1.121997376282068970e-01 4.459999999999999964e+00
8.500000000000000000e+01 7.305737448965523573e-01 3.365992128846206910e-01 4.400000000000000355e+00
8.600000000000000000e+01 7.305737448965523573e-01 5.609986881410344850e-01 4.500000000000000000e+00
8.700000000000000000e+01 7.305737448965523573e-01 7.853981633974482790e-01 4.360000000000000320e+00
8.800000000000000000e+01 7.305737448965523573e-01 1.009797638653862073e+00 3.890000000000000124e+00
8.900000000000000000e+01 7.305737448965523573e-01 1.234197113910275645e+00 3.750000000000000000e+00
9.000000000000000000e+01 7.305737448965523573e-01 1.458596589166689883e+00 3.859999999999999876e+00
9.100000000000000000e+01 7.305737448965523573e-01 1.682996064423103233e+00 4.450000000000000178e+00
9.200000000000000000e+01 7.305737448965523573e-01 1.907395539679517471e+00 4.480000000000000426e+00
9.300000000000000000e+01 7.305737448965523573e-01 2.131795014935931043e+00 4.330000000000000071e+00
9.400000000000000000e+01 7.305737448965523573e-01 2.356194490192344837e+00 4.349999999999999645e+00
9.500000000000000000e+01 7.305737448965523573e-01 2.580593965448758631e+00 4.200000000000000178e+00
9.600000000000000000e+01 7.305737448965523573e-01 2.804993440705172425e+00 4.360000000000000320e+00
9.700000000000000000e+01 7.305737448965523573e-01 3.029392915961586219e+00 4.400000000000000355e+00
9.800000000000000000e+01 7.305737448965523573e-01 3.253792391218000013e+00 4.360000000000000320e+00
9.900000000000000000e+01 7.305737448965523573e-01 3.478191866474413807e+00 4.299999999999999822e+00
1.000000000000000000e+02 7.305737448965523573e-01 3.702591341730827601e+00 3.839999999999999858e+00
1.010000000000000000e+02 7.305737448965523573e-01 3.926990816987241395e+00 4.160000000000000142e+00
1.020000000000000000e+02 7.305737448965523573e-01 4.151390292243655189e+00 4.370000000000000107e+00
1.030000000000000000e+02 7.305737448965523573e-01 4.375789767500068983e+00 4.400000000000000355e+00
1.040000000000000000e+02 7.305737448965523573e-01 4.600189242756482777e+00 4.410000000000000142e+00
1.050000000000000000e+02 7.305737448965523573e-01 4.824588718012896571e+00 4.400000000000000355e+00
1.060000000000000000e+02 7.305737448965523573e-01 5.048988193269310365e+00 4.349999999999999645e+00
1.070000000000000000e+02 7.305737448965523573e-01 5.273387668525724159e+00 4.049999999999999822e+00
1.080000000000000000e+02 7.305737448965523573e-01 5.497787143782137953e+00 2.330000000000000071e+00
1.090000000000000000e+02 7.305737448965523573e-01 5.722186619038551747e+00 3.810000000000000053e+00
1.100000000000000000e+02 7.305737448965523573e-01 5.946586094294965541e+00 4.080000000000000071e+00
1.110000000000000000e+02 7.305737448965523573e-01 6.170985569551379335e+00 4.500000000000000000e+00
1.120000000000000000e+02 8.410686705679303321e-01 9.817477042468103487e-02 4.389999999999999680e+00
1.130000000000000000e+02 8.410686705679303321e-01 2.945243112740431046e-01 4.339999999999999858e+00
1.140000000000000000e+02 8.410686705679303321e-01 4.908738521234051189e-01 4.500000000000000000e+00
1.150000000000000000e+02 8.410686705679303321e-01 6.872233929727672441e-01 4.629999999999999893e+00
1.160000000000000000e+02 8.410686705679303321e-01 8.835729338221292029e-01 4.509999999999999787e+00
1.170000000000000000e+02 8.410686705679303321e-01 1.079922474671491273e+00 3.669999999999999929e+00
1.180000000000000000e+02 8.410686705679303321e-01 1.276272015520853564e+00 3.580000000000000071e+00
1.190000000000000000e+02 8.410686705679303321e-01 1.472621556370215190e+00 3.850000000000000089e+00
1.200000000000000000e+02 8.410686705679303321e-01 1.668971097219577704e+00 4.379999999999999893e+00
1.210000000000000000e+02 8.410686705679303321e-01 1.865320638068939552e+00 4.519999999999999574e+00
1.220000000000000000e+02 8.410686705679303321e-01 2.061670178918301843e+00 4.339999999999999858e+00
1.230000000000000000e+02 8.410686705679303321e-01 2.258019719767663691e+00 4.259999999999999787e+00
1.240000000000000000e+02 8.410686705679303321e-01 2.454369260617025539e+00 4.160000000000000142e+00
1.250000000000000000e+02 8.410686705679303321e-01 2.650718801466387831e+00 4.160000000000000142e+00
1.260000000000000000e+02 8.410686705679303321e-01 2.847068342315749678e+00 4.379999999999999893e+00
1.270000000000000000e+02 8.410686705679303321e-01 3.043417883165111526e+00 4.160000000000000142e+00
1.280000000000000000e+02 8.410686705679303321e-01 3.239767424014474262e+00 4.259999999999999787e+00
1.290000000000000000e+02 8.410686705679303321e-01 3.436116964863836110e+00 4.389999999999999680e+00
1.300000000000000000e+02 8.410686705679303321e-01 3.632466505713198401e+00 4.000000000000000000e+00
1.310000000000000000e+02 8.410686705679303321e-01 3.828816046562560249e+00 3.890000000000000124e+00
1.320000000000000000e+02 8.410686705679303321e-01 4.025165587411921209e+00 4.169999999999999929e+00
1.330000000000000000e+02 8.410686705679303321e-01 4.221515128261284389e+00 4.419999999999999929e+00
1.340000000000000000e+02 8.410686705679303321e-01 4.417864669110646680e+00 4.429999999999999716e+00
1.350000000000000000e+02 8.410686705679303321e-01 4.614214209960008972e+00 4.410000000000000142e+00
1.360000000000000000e+02 8.410686705679303321e-01 4.810563750809370376e+00 4.280000000000000249e+00
1.370000000000000000e+02 8.410686705679303321e-01 5.006913291658731779e+00 4.389999999999999680e+00
1.380000000000000000e+02 8.410686705679303321e-01 5.203262832508094959e+00 3.819999999999999840e+00
1.390000000000000000e+02 8.410686705679303321e-01 5.399612373357457251e+00 0.000000000000000000e+00
1.400000000000000000e+02 8.410686705679303321e-01 5.595961914206818655e+00 3.779999999999999805e+00
1.410000000000000000e+02 8.410686705679303321e-01 5.792311455056180947e+00 4.240000000000000213e+00
1.420000000000000000e+02 8.410686705679303321e-01 5.988660995905542350e+00 4.419999999999999929e+00
1.430000000000000000e+02 8.410686705679303321e-01 6.185010536754905530e+00 4.360000000000000320e+00
1.440000000000000000e+02 9.479697413828938046e-01 0.000000000000000000e+00 4.349999999999999645e+00
1.450000000000000000e+02 9.479697413828938046e-01 1.963495408493620697e-01 4.330000000000000071e+00
1.460000000000000000e+02 9.479697413828938046e-01 3.926990816987241395e-01 4.429999999999999716e+00
1.470000000000000000e+02 9.479697413828938046e-01 5.890486225480862092e-01 4.530000000000000249e+00
1.480000000000000000e+02 9.479697413828938046e-01 7.853981633974482790e-01 4.549999999999999822e+00
1.490000000000000000e+02 9.479697413828938046e-01 9.817477042468102377e-01 4.000000000000000000e+00
1.500000000000000000e+02 9.479697413828938046e-01 1.178097245096172418e+00 3.790000000000000036e+00
1.510000000000000000e+02 9.479697413828938046e-01 1.374446785945534488e+00 3.569999999999999840e+00
1.520000000000000000e+02 9.479697413828938046e-01 1.570796326794896558e+00 3.669999999999999929e+00
1.530000000000000000e+02 9.479697413828938046e-01 1.767145867644258406e+00 4.469999999999999751e+00
1.540000000000000000e+02 9.479697413828938046e-01 1.963495408493620475e+00 4.299999999999999822e+00
1.550000000000000000e+02 9.479697413828938046e-01 2.159844949342982545e+00 4.120000000000000107e+00
1.560000000000000000e+02 9.479697413828938046e-01 2.356194490192344837e+00 4.209999999999999964e+00
1.570000000000000000e+02 9.479697413828938046e-01 2.552544031041707129e+00 4.349999999999999645e+00
1.580000000000000000e+02 9.479697413828938046e-01 2.748893571891068976e+00 4.309999999999999609e+00
1.590000000000000000e+02 9.479697413828938046e-01 2.945243112740430380e+00 4.370000000000000107e+00
1.600000000000000000e+02 9.479697413828938046e-01 3.141592653589793116e+00 4.169999999999999929e+00
1.610000000000000000e+02 9.479697413828938046e-01 3.337942194439155408e+00 4.080000000000000071e+00
1.620000000000000000e+02 9.479697413828938046e-01 3.534291735288516811e+00 4.349999999999999645e+00
1.630000000000000000e+02 9.479697413828938046e-01 3.730641276137879103e+00 4.129999999999999893e+00
1.640000000000000000e+02 9.479697413828938046e-01 3.926990816987240951e+00 4.049999999999999822e+00
1.650000000000000000e+02 9.479697413828938046e-01 4.123340357836603687e+00 4.160000000000000142e+00
1.660000000000000000e+02 9.479697413828938046e-01 4.319689898685965090e+00 4.549999999999999822e+00
1.670000000000000000e+02 9.479697413828938046e-01 4.516039439535327382e+00 4.500000000000000000e+00
1.680000000000000000e+02 9.479697413828938046e-01 4.712388980384689674e+00 4.259999999999999787e+00
1.690000000000000000e+02 9.479697413828938046e-01 4.908738521234051078e+00 4.530000000000000249e+00
1.700000000000000000e+02 9.479697413828938046e-01 5.105088062083414258e+00 3.819999999999999840e+00
1.710000000000000000e+02 9.479697413828938046e-01 5.301437602932775661e+00 -2.200000000000000011e-01
1.720000000000000000e+02 9.479697413828938046e-01 5.497787143782137953e+00 3.290000000000000036e+00
1.730000000000000000e+02 9.479697413828938046e-01 5.694136684631499357e+00 4.299999999999999822e+00
1.740000000000000000e+02 9.479697413828938046e-01 5.890486225480860760e+00 4.500000000000000000e+00
1.750000000000000000e+02 9.479697413828938046e-01 6.086835766330223052e+00 4.280000000000000249e+00
1.760000000000000000e+02 1.047197551196597853e+00 9.817477042468103487e-02 4.389999999999999680e+00
1.770000000000000000e+02 1.047197551196597853e+00 2.945243112740431046e-01 4.500000000000000000e+00
1.780000000000000000e+02 1.047197551196597853e+00 4.908738521234051189e-01 4.519999999999999574e+00
1.790000000000000000e+02 1.047197551196597853e+00 6.872233929727672441e-01 4.440000000000000391e+00
1.800000000000000000e+02 1.047197551196597853e+00 8.835729338221292029e-01 4.089999999999999858e+00
1.810000000000000000e+02 1.047197551196597853e+00 1.079922474671491273e+00 4.200000000000000178e+00
1.820000000000000000e+02 1.047197551196597853e+00 1.276272015520853564e+00 3.770000000000000018e+00
1.830000000000000000e+02 1.047197551196597853e+00 1.472621556370215190e+00 3.990000000000000213e+00
1.840000000000000000e+02 1.047197551196597853e+00 1.668971097219577704e+00 3.939999999999999947e+00
1.850000000000000000e+02 1.047197551196597853e+00 1.865320638068939552e+00 4.459999999999999964e+00
1.860000000000000000e+02 1.047197551196597853e+00 2.061670178918301843e+00 4.280000000000000249e+00
1.870000000000000000e+02 1.047197551196597853e+00 2.258019719767663691e+00 4.339999999999999858e+00
1.880000000000000000e+02 1.047197551196597853e+00 2.454369260617025539e+00 4.250000000000000000e+00
1.890000000000000000e+02 1.047197551196597853e+00 2.650718801466387831e+00 4.059999999999999609e+00
1.900000000000000000e+02 1.047197551196597853e+00 2.847068342315749678e+00 4.349999999999999645e+00
1.910000000000000000e+02 1.047197551196597853e+00 3.043417883165111526e+00 4.370000000000000107e+00
1.920000000000000000e+02 1.047197551196597853e+00 3.239767424014474262e+00 4.290000000000000036e+00
1.930000000000000000e+02 1.047197551196597853e+00 3.436116964863836110e+00 4.509999999999999787e+00
1.940000000000000000e+02 1.047197551196597853e+00 3.632466505713198401e+00 4.440000000000000391e+00
1.950000000000000000e+02 1.047197551196597853e+00 3.828816046562560249e+00 4.209999999999999964e+00
1.960000000000000000e+02 1.047197551196597853e+00 4.025165587411921209e+00 4.080000000000000071e+00
1.970000000000000000e+02 1.047197551196597853e+00 4.221515128261284389e+00 4.469999999999999751e+00
1.980000000000000000e+02 1.047197551196597853e+00 4.417864669110646680e+00 4.459999999999999964e+00
1.990000000000000000e+02 1.047197551196597853e+00 4.614214209960008972e+00 4.360000000000000320e+00
2.000000000000000000e+02 1.047197551196597853e+00 4.810563750809370376e+00 4.370000000000000107e+00
2.010000000000000000e+02 1.047197551196597853e+00 5.006913291658731779e+00 4.089999999999999858e+00
2.020000000000000000e+02 1.047197551196597853e+00 5.203262832508094959e+00 1.000000000000000056e-01
2.030000000000000000e+02 1.047197551196597853e+00 5.399612373357457251e+00 3.359999999999999876e+00
2.040000000000000000e+02 1.047197551196597853e+00 5.595961914206818655e+00 4.389999999999999680e+00
2.050000000000000000e+02 1.047197551196597853e+00 5.792311455056180947e+00 4.129999999999999893e+00
2.060000000000000000e+02 1.047197551196597853e+00 5.988660995905542350e+00 4.389999999999999680e+00
2.070000000000000000e+02 1.047197551196597853e+00 6.185010536754905530e+00 4.469999999999999751e+00
2.080000000000000000e+02 1.141020895490368892e+00 0.000000000000000000e+00 4.349999999999999645e+00
2.090000000000000000e+02 1.141020895490368892e+00 1.963495408493620697e-01 4.339999999999999858e+00
2.100000000000000000e+02 1.141020895490368892e+00 3.926990816987241395e-01 4.250000000000000000e+00
2.110000000000000000e+02 1.141020895490368892e+00 5.890486225480862092e-01 4.459999999999999964e+00
2.120000000000000000e+02 1.141020895490368892e+00 7.853981633974482790e-01 4.200000000000000178e+00
2.130000000000000000e+02 1.141020895490368892e+00 9.817477042468102377e-01 4.160000000000000142e+00
2.140000000000000000e+02 1.141020895490368892e+00 1.178097245096172418e+00 3.990000000000000213e+00
2.150000000000000000e+02 1.141020895490368892e+00 1.374446785945534488e+00 3.959999999999999964e+00
2.160000000000000000e+02 1.141020895490368892e+00 1.570796326794896558e+00 3.750000000000000000e+00
2.170000000000000000e+02 1.141020895490368892e+00 1.767145867644258406e+00 4.230000000000000426e+00
2.180000000000000000e+02 1.141020895490368892e+00 1.963495408493620475e+00 4.330000000000000071e+00
2.190000000000000000e+02 1.141020895490368892e+00 2.159844949342982545e+00 4.230000000000000426e+00
2.200000000000000000e+02 1.141020895490368892e+00 2.356194490192344837e+00 4.080000000000000071e+00
2.210000000000000000e+02 1.141020895490368892e+00 2.552544031041707129e+00 4.240000000000000213e+00
2.220000000000000000e+02 1.141020895490368892e+00 2.748893571891068976e+00 4.360000000000000320e+00
2.230000000000000000e+02 1.141020895490368892e+00 2.945243112740430380e+00 4.469999999999999751e+00
2.240000000000000000e+02 1.141020895490368892e+00 3.141592653589793116e+00 4.389999999999999680e+00
2.250000000000000000e+02 1.141020895490368892e+00 3.337942194439155408e+00 4.070000000000000284e+00
2.260000000000000000e+02 1.141020895490368892e+00 3.534291735288516811e+00 4.219999999999999751e+00
2.270000000000000000e+02 1.141020895490368892e+00 3.730641276137879103e+00 4.309999999999999609e+00
2.280000000000000000e+02 1.141020895490368892e+00 3.926990816987240951e+00 4.349999999999999645e+00
2.290000000000000000e+02 1.141020895490368892e+00 4.123340357836603687e+00 4.410000000000000142e+00
2.300000000000000000e+02 1.141020895490368892e+00 4.319689898685965090e+00 4.469999999999999751e+00
2.310000000000000000e+02 1.141020895490368892e+00 4.516039439535327382e+00 4.320000000000000284e+00
2.320000000000000000e+02 1.141020895490368892e+00 4.712388980384689674e+00 4.389999999999999680e+00
2.330000000000000000e+02 1.141020895490368892e+00 4.908738521234051078e+00 4.290000000000000036e+00
2.340000000000000000e+02 1.141020895490368892e+00 5.105088062083414258e+00 2.319999999999999840e+00
2.350000000000000000e+02 1.141020895490368892e+00 5.301437602932775661e+00 3.740000000000000213e+00
2.360000000000000000e+02 1.141020895490368892e+00 5.497787143782137953e+00 4.509999999999999787e+00
2.370000000000000000e+02 1.141020895490368892e+00 5.694136684631499357e+00 4.179999999999999716e+00
2.380000000000000000e+02 1.141020895490368892e+00 5.890486225480860760e+00 4.219999999999999751e+00
2.390000000000000000e+02 1.141020895490368892e+00 6.086835766330223052e+00 4.459999999999999964e+00
2.400000000000000000e+02 1.230959417340774742e+00 9.817477042468103487e-02 4.200000000000000178e+00
2.410000000000000000e+02 1.230959417340774742e+00 2.945243112740431046e-01 4.360000000000000320e+00
2.420000000000000000e+02 1.230959417340774742e+00 4.908738521234051189e-01 4.330000000000000071e+00
2.430000000000000000e+02 1.230959417340774742e+00 6.872233929727672441e-01 4.330000000000000071e+00
2.440000000000000000e+02 1.230959417340774742e+00 8.835729338221292029e-01 4.200000000000000178e+00
2.450000000000000000e+02 1.230959417340774742e+00 1.079922474671491273e+00 3.979999999999999982e+00
2.460000000000000000e+02 1.230959417340774742e+00 1.276272015520853564e+00 3.580000000000000071e+00
2.470000000000000000e+02 1.230959417340774742e+00 1.472621556370215190e+00 3.970000000000000195e+00
2.480000000000000000e+02 1.230959417340774742e+00 1.668971097219577704e+00 3.750000000000000000e+00
2.490000000000000000e+02 1.230959417340774742e+00 1.865320638068939552e+00 4.500000000000000000e+00
2.500000000000000000e+02 1.230959417340774742e+00 2.061670178918301843e+00 4.419999999999999929e+00
2.510000000000000000e+02 1.230959417340774742e+00 2.258019719767663691e+00 4.150000000000000355e+00
2.520000000000000000e+02 1.230959417340774742e+00 2.454369260617025539e+00 4.309999999999999609e+00
2.530000000000000000e+02 1.230959417340774742e+00 2.650718801466387831e+00 4.179999999999999716e+00
2.540000000000000000e+02 1.230959417340774742e+00 2.847068342315749678e+00 4.440000000000000391e+00
2.550000000000000000e+02 1.230959417340774742e+00 3.043417883165111526e+00 4.580000000000000071e+00
2.560000000000000000e+02 1.230959417340774742e+00 3.239767424014474262e+00 4.219999999999999751e+00
2.570000000000000000e+02 1.230959417340774742e+00 3.436116964863836110e+00 3.870000000000000107e+00
2.580000000000000000e+02 1.230959417340774742e+00 3.632466505713198401e+00 4.160000000000000142e+00
2.590000000000000000e+02 1.230959417340774742e+00 3.828816046562560249e+00 4.429999999999999716e+00
2.600000000000000000e+02 1.230959417340774742e+00 4.025165587411921209e+00 4.309999999999999609e+00
2.610000000000000000e+02 1.230959417340774742e+00 4.221515128261284389e+00 4.669999999999999929e+00
2.620000000000000000e+02 1.230959417340774742e+00 4.417864669110646680e+00 4.440000000000000391e+00
2.630000000000000000e+02 1.230959417340774742e+00 4.614214209960008972e+00 4.469999999999999751e+00
2.640000000000000000e+02 1.230959417340774742e+00 4.810563750809370376e+00 4.259999999999999787e+00
2.650000000000000000e+02 1.230959417340774742e+00 5.006913291658731779e+00 3.279999999999999805e+00
2.660000000000000000e+02 1.230959417340774742e+00 5.203262832508094959e+00 3.189999999999999947e+00
2.670000000000000000e+02 1.230959417340774742e+00 5.399612373357457251e+00 4.530000000000000249e+00
2.680000000000000000e+02 1.230959417340774742e+00 5.595961914206818655e+00 4.240000000000000213e+00
2.690000000000000000e+02 1.230959417340774742e+00 5.792311455056180947e+00 4.230000000000000426e+00
2.700000000000000000e+02 1.230959417340774742e+00 5.988660995905542350e+00 4.410000000000000142e+00
2.710000000000000000e+02 1.230959417340774742e+00 6.185010536754905530e+00 4.500000000000000000e+00
2.720000000000000000e+02 1.318116071652817967e+00 0.000000000000000000e+00 4.219999999999999751e+00
2.730000000000000000e+02 1.318116071652817967e+00 1.963495408493620697e-01 4.240000000000000213e+00
2.740000000000000000e+02 1.318116071652817967e+00 3.926990816987241395e-01 4.410000000000000142e+00
2.750000000000000000e+02 1.318116071652817967e+00 5.890486225480862092e-01 4.400000000000000355e+00
2.760000000000000000e+02 1.318116071652817967e+00 7.853981633974482790e-01 4.419999999999999929e+00
2.770000000000000000e+02 1.318116071652817967e+00 9.817477042468102377e-01 4.040000000000000036e+00
2.780000000000000000e+02 1.318116071652817967e+00 1.178097245096172418e+00 3.799999999999999822e+00
2.790000000000000000e+02 1.318116071652817967e+00 1.374446785945534488e+00 3.839999999999999858e+00
2.800000000000000000e+02 1.318116071652817967e+00 1.570796326794896558e+00 3.669999999999999929e+00
2.810000000000000000e+02 1.318116071652817967e+00 1.767145867644258406e+00 3.660000000000000142e+00
2.820000000000000000e+02 1.318116071652817967e+00 1.963495408493620475e+00 4.349999999999999645e+00
2.830000000000000000e+02 1.318116071652817967e+00 2.159844949342982545e+00 4.299999999999999822e+00
2.840000000000000000e+02 1.318116071652817967e+00 2.356194490192344837e+00 4.269999999999999574e+00
2.850000000000000000e+02 1.318116071652817967e+00 2.552544031041707129e+00 4.309999999999999609e+00
2.860000000000000000e+02 1.318116071652817967e+00 2.748893571891068976e+00 4.410000000000000142e+00
2.870000000000000000e+02 1.318116071652817967e+00 2.945243112740430380e+00 4.169999999999999929e+00
2.880000000000000000e+02 1.318116071652817967e+00 3.141592653589793116e+00 4.259999999999999787e+00
2.890000000000000000e+02 1.318116071652817967e+00 3.337942194439155408e+00 4.179999999999999716e+00
2.900000000000000000e+02 1.318116071652817967e+00 3.534291735288516811e+00 4.250000000000000000e+00
2.910000000000000000e+02 1.318116071652817967e+00 3.730641276137879103e+00 4.290000000000000036e+00
2.920000000000000000e+02 1.318116071652817967e+00 3.926990816987240951e+00 4.500000000000000000e+00
2.930000000000000000e+02 1.318116071652817967e+00 4.123340357836603687e+00 4.330000000000000071e+00
2.940000000000000000e+02 1.318116071652817967e+00 4.319689898685965090e+00 4.459999999999999964e+00
2.950000000000000000e+02 1.318116071652817967e+00 4.516039439535327382e+00 4.450000000000000178e+00
2.960000000000000000e+02 1.318116071652817967e+00 4.712388980384689674e+00 4.519999999999999574e+00
2.970000000000000000e+02 1.318116071652817967e+00 4.908738521234051078e+00 3.560000000000000053e+00
2.980000000000000000e+02 1.318116071652817967e+00 5.105088062083414258e+00 0.000000000000000000e+00
2.990000000000000000e+02 1.318116071652817967e+00 5.301437602932775661e+00 4.299999999999999822e+00
3.000000000000000000e+02 1.318116071652817967e+00 5.497787143782137953e+00 4.519999999999999574e+00
3.010000000000000000e+02 1.318116071652817967e+00 5.694136684631499357e+00 4.200000000000000178e+00
3.020000000000000000e+02 1.318116071652817967e+00 5.890486225480860760e+00 4.209999999999999964e+00
3.030000000000000000e+02 1.318116071652817967e+00 6.086835766330223052e+00 4.540000000000000036e+00
3.040000000000000000e+02 1.403348247575207264e+00 9.817477042468103487e-02 4.349999999999999645e+00
3.050000000000000000e+02 1.403348247575207264e+00 2.945243112740431046e-01 4.339999999999999858e+00
3.060000000000000000e+02 1.403348247575207264e+00 4.908738521234051189e-01 4.299999999999999822e+00
3.070000000000000000e+02 1.403348247575207264e+00 6.872233929727672441e-01 4.360000000000000320e+00
3.080000000000000000e+02 1.403348247575207264e+00 8.835729338221292029e-01 4.000000000000000000e+00
3.090000000000000000e+02 1.403348247575207264e+00 1.079922474671491273e+00 3.859999999999999876e+00
3.100000000000000000e+02 1.403348247575207264e+00 1.276272015520853564e+00 4.240000000000000213e+00
3.110000000000000000e+02 1.403348247575207264e+00 1.472621556370215190e+00 3.970000000000000195e+00
3.120000000000000000e+02 1.403348247575207264e+00 1.668971097219577704e+00 3.660000000000000142e+00
3.130000000000000000e+02 1.403348247575207264e+00 1.865320638068939552e+00 3.939999999999999947e+00
3.140000000000000000e+02 1.403348247575207264e+00 2.061670178918301843e+00 4.440000000000000391e+00
3.150000000000000000e+02 1.403348247575207264e+00 2.258019719767663691e+00 4.190000000000000391e+00
3.160000000000000000e+02 1.403348247575207264e+00 2.454369260617025539e+00 4.110000000000000320e+00
3.170000000000000000e+02 1.403348247575207264e+00 2.650718801466387831e+00 4.370000000000000107e+00
3.180000000000000000e+02 1.403348247575207264e+00 2.847068342315749678e+00 4.459999999999999964e+00
3.190000000000000000e+02 1.403348247575207264e+00 3.043417883165111526e+00 4.169999999999999929e+00
3.200000000000000000e+02 1.403348247575207264e+00 3.239767424014474262e+00 4.290000000000000036e+00
3.210000000000000000e+02 1.403348247575207264e+00 3.436116964863836110e+00 4.490000000000000213e+00
3.220000000000000000e+02 1.403348247575207264e+00 3.632466505713198401e+00 4.120000000000000107e+00
3.230000000000000000e+02 1.403348247575207264e+00 3.828816046562560249e+00 4.509999999999999787e+00
3.240000000000000000e+02 1.403348247575207264e+00 4.025165587411921209e+00 4.610000000000000320e+00
3.250000000000000000e+02 1.403348247575207264e+00 4.221515128261284389e+00 4.440000000000000391e+00
3.260000000000000000e+02 1.403348247575207264e+00 4.417864669110646680e+00 4.429999999999999716e+00
3.270000000000000000e+02 1.403348247575207264e+00 4.614214209960008972e+00 4.419999999999999929e+00
3.280000000000000000e+02 1.403348247575207264e+00 4.810563750809370376e+00 3.910000000000000142e+00
3.290000000000000000e+02 1.403348247575207264e+00 5.006913291658731779e+00 -5.899999999999999689e-01
3.300000000000000000e+02 1.403348247575207264e+00 5.203262832508094959e+00 3.330000000000000071e+00
3.310000000000000000e+02 1.403348247575207264e+00 5.399612373357457251e+00 4.660000000000000142e+00
3.320000000000000000e+02 1.403348247575207264e+00 5.595961914206818655e+00 4.389999999999999680e+00
3.330000000000000000e+02 1.403348247575207264e+00 5.792311455056180947e+00 4.209999999999999964e+00
3.340000000000000000e+02 1.403348247575207264e+00 5.988660995905542350e+00 4.250000000000000000e+00
3.350000000000000000e+02 1.403348247575207264e+00 6.185010536754905530e+00 4.429999999999999716e+00
3.360000000000000000e+02 1.487366240184281541e+00 0.000000000000000000e+00 4.299999999999999822e+00
3.370000000000000000e+02 1.487366240184281541e+00 1.963495408493620697e-01 4.299999999999999822e+00
3.380000000000000000e+02 1.487366240184281541e+00 3.926990816987241395e-01 4.330000000000000071e+00
3.390000000000000000e+02 1.487366240184281541e+00 5.890486225480862092e-01 4.200000000000000178e+00
3.400000000000000000e+02 1.487366240184281541e+00 7.853981633974482790e-01 4.360000000000000320e+00
3.410000000000000000e+02 1.487366240184281541e+00 9.817477042468102377e-01 4.219999999999999751e+00
3.420000000000000000e+02 1.487366240184281541e+00 1.178097245096172418e+00 4.150000000000000355e+00
3.430000000000000000e+02 1.487366240184281541e+00 1.374446785945534488e+00 4.450000000000000178e+00
3.440000000000000000e+02 1.487366240184281541e+00 1.570796326794896558e+00 4.099999999999999645e+00
3.450000000000000000e+02 1.487366240184281541e+00 1.767145867644258406e+00 3.580000000000000071e+00
3.460000000000000000e+02 1.487366240184281541e+00 1.963495408493620475e+00 4.099999999999999645e+00
3.470000000000000000e+02 1.487366240184281541e+00 2.159844949342982545e+00 4.419999999999999929e+00
3.480000000000000000e+02 1.487366240184281541e+00 2.356194490192344837e+00 4.160000000000000142e+00
3.490000000000000000e+02 1.487366240184281541e+00 2.552544031041707129e+00 4.139999999999999680e+00
3.500000000000000000e+02 1.487366240184281541e+00 2.748893571891068976e+00 4.339999999999999858e+00
3.510000000000000000e+02 1.487366240184281541e+00 2.945243112740430380e+00 4.570000000000000284e+00
3.520000000000000000e+02 1.487366240184281541e+00 3.141592653589793116e+00 4.160000000000000142e+00
3.530000000000000000e+02 1.487366240184281541e+00 3.337942194439155408e+00 4.299999999999999822e+00
3.540000000000000000e+02 1.487366240184281541e+00 3.534291735288516811e+00 4.200000000000000178e+00
3.550000000000000000e+02 1.487366240184281541e+00 3.730641276137879103e+00 4.240000000000000213e+00
3.560000000000000000e+02 1.487366240184281541e+00 3.926990816987240951e+00 4.530000000000000249e+00
3.570000000000000000e+02 1.487366240184281541e+00 4.123340357836603687e+00 4.530000000000000249e+00
3.580000000000000000e+02 1.487366240184281541e+00 4.319689898685965090e+00 4.559999999999999609e+00
3.590000000000000000e+02 1.487366240184281541e+00 4.516039439535327382e+00 4.440000000000000391e+00
3.600000000000000000e+02 1.487366240184281541e+00 4.712388980384689674e+00 4.099999999999999645e+00
3.610000000000000000e+02 1.487366240184281541e+00 4.908738521234051078e+00 2.479999999999999982e+00
3.620000000000000000e+02 1.487366240184281541e+00 5.105088062083414258e+00 3.200000000000000178e+00
3.630000000000000000e+02 1.487366240184281541e+00 5.301437602932775661e+00 4.570000000000000284e+00
3.640000000000000000e+02 1.487366240184281541e+00 5.497787143782137953e+00 4.459999999999999964e+00
3.650000000000000000e+02 1.487366240184281541e+00 5.694136684631499357e+00 4.240000000000000213e+00
3.660000000000000000e+02 1.487366240184281541e+00 5.890486225480860760e+00 4.269999999999999574e+00
3.670000000000000000e+02 1.487366240184281541e+00 6.086835766330223052e+00 4.389999999999999680e+00
3.680000000000000000e+02 1.570796326794896558e+00 9.817477042468103487e-02 4.280000000000000249e+00
3.690000000000000000e+02 1.570796326794896558e+00 2.945243112740431046e-01 4.669999999999999929e+00
3.700000000000000000e+02 1.570796326794896558e+00 4.908738521234051189e-01 4.400000000000000355e+00
3.710000000000000000e+02 1.570796326794896558e+00 6.872233929727672441e-01 4.469999999999999751e+00
3.720000000000000000e+02 1.570796326794896558e+00 8.835729338221292029e-01 4.490000000000000213e+00
3.730000000000000000e+02 1.570796326794896558e+00 1.079922474671491273e+00 4.209999999999999964e+00
3.740000000000000000e+02 1.570796326794896558e+00 1.276272015520853564e+00 4.549999999999999822e+00
3.750000000000000000e+02 1.570796326794896558e+00 1.472621556370215190e+00 4.169999999999999929e+00
3.760000000000000000e+02 1.570796326794896558e+00 1.668971097219577704e+00 3.810000000000000053e+00
3.770000000000000000e+02 1.570796326794896558e+00 1.865320638068939552e+00 3.910000000000000142e+00
3.780000000000000000e+02 1.570796326794896558e+00 2.061670178918301843e+00 4.440000000000000391e+00
3.790000000000000000e+02 1.570796326794896558e+00 2.258019719767663691e+00 4.559999999999999609e+00
3.800000000000000000e+02 1.570796326794896558e+00 2.454369260617025539e+00 4.099999999999999645e+00
3.810000000000000000e+02 1.570796326794896558e+00 2.650718801466387831e+00 4.540000000000000036e+00
3.820000000000000000e+02 1.570796326794896558e+00 2.847068342315749678e+00 4.509999999999999787e+00
3.830000000000000000e+02 1.570796326794896558e+00 3.043417883165111526e+00 4.429999999999999716e+00
3.840000000000000000e+02 1.570796326794896558e+00 3.239767424014474262e+00 4.139999999999999680e+00
3.850000000000000000e+02 1.570796326794896558e+00 3.436116964863836110e+00 4.219999999999999751e+00
3.860000000000000000e+02 1.570796326794896558e+00 3.632466505713198401e+00 4.230000000000000426e+00
3.870000000000000000e+02 1.570796326794896558e+00 3.828816046562560249e+00 4.370000000000000107e+00
3.880000000000000000e+02 1.570796326794896558e+00 4.025165587411921209e+00 4.440000000000000391e+00
3.890000000000000000e+02 1.570796326794896558e+00 4.221515128261284389e+00 4.519999999999999574e+00
3.900000000000000000e+02 1.570796326794896558e+00 4.417864669110646680e+00 4.410000000000000142e+00
3.910000000000000000e+02 1.570796326794896558e+00 4.614214209960008972e+00 4.169999999999999929e+00
3.920000000000000000e+02 1.570796326794896558e+00 4.810563750809370376e+00 3.410000000000000142e+00
3.930000000000000000e+02 1.570796326794896558e+00 5.006913291658731779e+00 2.180000000000000160e+00
3.940000000000000000e+02 1.570796326794896558e+00 5.203262832508094959e+00 4.190000000000000391e+00
3.950000000000000000e+02 1.570796326794896558e+00 5.399612373357457251e+00 4.639999999999999680e+00
3.960000000000000000e+02 1.570796326794896558e+00 5.595961914206818655e+00 4.620000000000000107e+00
3.970000000000000000e+02 1.570796326794896558e+00 5.792311455056180947e+00 4.349999999999999645e+00
3.980000000000000000e+02 1.570796326794896558e+00 5.988660995905542350e+00 4.269999999999999574e+00
3.990000000000000000e+02 1.570796326794896558e+00 6.185010536754905530e+00 4.240000000000000213e+00
4.000000000000000000e+02 1.654226413405511575e+00 0.000000000000000000e+00 4.230000000000000426e+00
4.010000000000000000e+02 1.654226413405511575e+00 1.963495408493620697e-01 4.370000000000000107e+00
4.020000000000000000e+02 1.654226413405511575e+00 3.926990816987241395e-01 4.410000000000000142e+00
4.030000000000000000e+02 1.654226413405511575e+00 5.890486225480862092e-01 4.570000000000000284e+00
4.040000000000000000e+02 1.654226413405511575e+00 7.853981633974482790e-01 4.259999999999999787e+00
4.050000000000000000e+02 1.654226413405511575e+00 9.817477042468102377e-01 4.360000000000000320e+00
4.060000000000000000e+02 1.654226413405511575e+00 1.178097245096172418e+00 4.500000000000000000e+00
4.070000000000000000e+02 1.654226413405511575e+00 1.374446785945534488e+00 4.280000000000000249e+00
4.080000000000000000e+02 1.654226413405511575e+00 1.570796326794896558e+00 3.729999999999999982e+00
4.090000000000000000e+02 1.654226413405511575e+00 1.767145867644258406e+00 3.859999999999999876e+00
4.100000000000000000e+02 1.654226413405511575e+00 1.963495408493620475e+00 3.799999999999999822e+00
4.110000000000000000e+02 1.654226413405511575e+00 2.159844949342982545e+00 4.629999999999999893e+00
4.120000000000000000e+02 1.654226413405511575e+00 2.356194490192344837e+00 4.250000000000000000e+00
4.130000000000000000e+02 1.654226413405511575e+00 2.552544031041707129e+00 4.309999999999999609e+00
4.140000000000000000e+02 1.654226413405511575e+00 2.748893571891068976e+00 4.580000000000000071e+00
4.150000000000000000e+02 1.654226413405511575e+00 2.945243112740430380e+00 4.620000000000000107e+00
4.160000000000000000e+02 1.654226413405511575e+00 3.141592653589793116e+00 4.309999999999999609e+00
4.170000000000000000e+02 1.654226413405511575e+00 3.337942194439155408e+00 4.330000000000000071e+00
4.180000000000000000e+02 1.654226413405511575e+00 3.534291735288516811e+00 4.259999999999999787e+00
4.190000000000000000e+02 1.654226413405511575e+00 3.730641276137879103e+00 4.250000000000000000e+00
4.200000000000000000e+02 1.654226413405511575e+00 3.926990816987240951e+00 4.269999999999999574e+00
4.210000000000000000e+02 1.654226413405511575e+00 4.123340357836603687e+00 4.280000000000000249e+00
4.220000000000000000e+02 1.654226413405511575e+00 4.319689898685965090e+00 4.009999999999999787e+00
4.230000000000000000e+02 1.654226413405511575e+00 4.516039439535327382e+00 3.890000000000000124e+00
4.240000000000000000e+02 1.654226413405511575e+00 4.712388980384689674e+00 3.569999999999999840e+00
4.250000000000000000e+02 1.654226413405511575e+00 4.908738521234051078e+00 0.000000000000000000e+00
4.260000000000000000e+02 1.654226413405511575e+00 5.105088062083414258e+00 3.419999999999999929e+00
4.270000000000000000e+02 1.654226413405511575e+00 5.301437602932775661e+00 4.450000000000000178e+00
4.280000000000000000e+02 1.654226413405511575e+00 5.497787143782137953e+00 4.580000000000000071e+00
4.290000000000000000e+02 1.654226413405511575e+00 5.694136684631499357e+00 4.490000000000000213e+00
4.300000000000000000e+02 1.654226413405511575e+00 5.890486225480860760e+00 4.219999999999999751e+00
4.310000000000000000e+02 1.654226413405511575e+00 6.086835766330223052e+00 4.129999999999999893e+00
4.320000000000000000e+02 1.738244406014585852e+00 9.817477042468103487e-02 4.339999999999999858e+00
4.330000000000000000e+02 1.738244406014585852e+00 2.945243112740431046e-01 4.450000000000000178e+00
4.340000000000000000e+02 1.738244406014585852e+00 4.908738521234051189e-01 4.509999999999999787e+00
4.350000000000000000e+02 1.738244406014585852e+00 6.872233929727672441e-01 4.309999999999999609e+00
4.360000000000000000e+02 1.738244406014585852e+00 8.835729338221292029e-01 4.250000000000000000e+00
4.370000000000000000e+02 1.738244406014585852e+00 1.079922474671491273e+00 4.349999999999999645e+00
4.380000000000000000e+02 1.738244406014585852e+00 1.276272015520853564e+00 4.379999999999999893e+00
4.390000000000000000e+02 1.738244406014585852e+00 1.472621556370215190e+00 4.309999999999999609e+00
4.400000000000000000e+02 1.738244406014585852e+00 1.668971097219577704e+00 4.080000000000000071e+00
4.410000000000000000e+02 1.738244406014585852e+00 1.865320638068939552e+00 3.779999999999999805e+00
4.420000000000000000e+02 1.738244406014585852e+00 2.061670178918301843e+00 4.209999999999999964e+00
4.430000000000000000e+02 1.738244406014585852e+00 2.258019719767663691e+00 4.429999999999999716e+00
4.440000000000000000e+02 1.738244406014585852e+00 2.454369260617025539e+00 4.349999999999999645e+00
4.450000000000000000e+02 1.738244406014585852e+00 2.650718801466387831e+00 4.299999999999999822e+00
4.460000000000000000e+02 1.738244406014585852e+00 2.847068342315749678e+00 4.500000000000000000e+00
4.470000000000000000e+02 1.738244406014585852e+00 3.043417883165111526e+00 4.490000000000000213e+00
4.480000000000000000e+02 1.738244406014585852e+00 3.239767424014474262e+00 4.290000000000000036e+00
4.490000000000000000e+02 1.738244406014585852e+00 3.436116964863836110e+00 4.360000000000000320e+00
4.500000000000000000e+02 1.738244406014585852e+00 3.632466505713198401e+00 4.360000000000000320e+00
4.510000000000000000e+02 1.738244406014585852e+00 3.828816046562560249e+00 3.910000000000000142e+00
4.520000000000000000e+02 1.738244406014585852e+00 4.025165587411921209e+00 4.370000000000000107e+00
4.530000000000000000e+02 1.738244406014585852e+00 4.221515128261284389e+00 4.240000000000000213e+00
4.540000000000000000e+02 1.738244406014585852e+00 4.417864669110646680e+00 3.729999999999999982e+00
4.550000000000000000e+02 1.738244406014585852e+00 4.614214209960008972e+00 3.830000000000000071e+00
4.560000000000000000e+02 1.738244406014585852e+00 4.810563750809370376e+00 0.000000000000000000e+00
4.570000000000000000e+02 1.738244406014585852e+00 5.006913291658731779e+00 3.000000000000000000e+00
4.580000000000000000e+02 1.738244406014585852e+00 5.203262832508094959e+00 4.580000000000000071e+00
4.590000000000000000e+02 1.738244406014585852e+00 5.399612373357457251e+00 4.450000000000000178e+00
4.600000000000000000e+02 1.738244406014585852e+00 5.595961914206818655e+00 4.389999999999999680e+00
4.610000000000000000e+02 1.738244406014585852e+00 5.792311455056180947e+00 4.250000000000000000e+00
4.620000000000000000e+02 1.738244406014585852e+00 5.988660995905542350e+00 4.059999999999999609e+00
4.630000000000000000e+02 1.738244406014585852e+00 6.185010536754905530e+00 4.049999999999999822e+00
4.640000000000000000e+02 1.823476581936975371e+00 0.000000000000000000e+00 4.269999999999999574e+00
4.650000000000000000e+02 1.823476581936975371e+00 1.963495408493620697e-01 4.309999999999999609e+00
4.660000000000000000e+02 1.823476581936975371e+00 3.926990816987241395e-01 4.509999999999999787e+00
4.670000000000000000e+02 1.823476581936975371e+00 5.890486225480862092e-01 4.240000000000000213e+00
4.680000000000000000e+02 1.823476581936975371e+00 7.853981633974482790e-01 4.309999999999999609e+00
4.690000000000000000e+02 1.823476581936975371e+00 9.817477042468102377e-01 4.240000000000000213e+00
4.700000000000000000e+02 1.823476581936975371e+00 1.178097245096172418e+00 4.459999999999999964e+00
4.710000000000000000e+02 1.823476581936975371e+00 1.374446785945534488e+00 4.469999999999999751e+00
4.720000000000000000e+02 1.823476581936975371e+00 1.570796326794896558e+00 4.370000000000000107e+00
4.730000000000000000e+02 1.823476581936975371e+00 1.767145867644258406e+00 3.879999999999999893e+00
4.740000000000000000e+02 1.823476581936975371e+00 1.963495408493620475e+00 3.759999999999999787e+00
4.750000000000000000e+02 1.823476581936975371e+00 2.159844949342982545e+00 4.339999999999999858e+00
4.760000000000000000e+02 1.823476581936975371e+00 2.356194490192344837e+00 4.240000000000000213e+00
4.770000000000000000e+02 1.823476581936975371e+00 2.552544031041707129e+00 4.429999999999999716e+00
4.780000000000000000e+02 1.823476581936975371e+00 2.748893571891068976e+00 4.240000000000000213e+00
4.790000000000000000e+02 1.823476581936975371e+00 2.945243112740430380e+00 4.459999999999999964e+00
4.800000000000000000e+02 1.823476581936975371e+00 3.141592653589793116e+00 4.250000000000000000e+00
4.810000000000000000e+02 1.823476581936975371e+00 3.337942194439155408e+00 4.530000000000000249e+00
4.820000000000000000e+02 1.823476581936975371e+00 3.534291735288516811e+00 4.450000000000000178e+00
4.830000000000000000e+02 1.823476581936975371e+00 3.730641276137879103e+00 4.080000000000000071e+00
4.840000000000000000e+02 1.823476581936975371e+00 3.926990816987240951e+00 4.440000000000000391e+00
4.850000000000000000e+02 1.823476581936975371e+00 4.123340357836603687e+00 4.339999999999999858e+00
4.860000000000000000e+02 1.823476581936975371e+00 4.319689898685965090e+00 3.899999999999999911e+00
4.870000000000000000e+02 1.823476581936975371e+00 4.516039439535327382e+00 3.479999999999999982e+00
4.880000000000000000e+02 1.823476581936975371e+00 4.712388980384689674e+00 0.000000000000000000e+00
4.890000000000000000e+02 1.823476581936975371e+00 4.908738521234051078e+00 8.399999999999999689e-01
4.900000000000000000e+02 1.823476581936975371e+00 5.105088062083414258e+00 4.129999999999999893e+00
4.910000000000000000e+02 1.823476581936975371e+00 5.301437602932775661e+00 4.500000000000000000e+00
4.920000000000000000e+02 1.823476581936975371e+00 5.497787143782137953e+00 4.450000000000000178e+00
4.930000000000000000e+02 1.823476581936975371e+00 5.694136684631499357e+00 4.389999999999999680e+00
4.940000000000000000e+02 1.823476581936975371e+00 5.890486225480860760e+00 4.099999999999999645e+00
4.950000000000000000e+02 1.823476581936975371e+00 6.086835766330223052e+00 3.899999999999999911e+00
4.960000000000000000e+02 1.910633236249018596e+00 9.817477042468103487e-02 4.150000000000000355e+00
4.970000000000000000e+02 1.910633236249018596e+00 2.945243112740431046e-01 4.370000000000000107e+00
4.980000000000000000e+02 1.910633236249018596e+00 4.908738521234051189e-01 4.290000000000000036e+00
4.990000000000000000e+02 1.910633236249018596e+00 6.872233929727672441e-01 4.200000000000000178e+00
5.000000000000000000e+02 1.910633236249018596e+00 8.835729338221292029e-01 4.099999999999999645e+00
5.010000000000000000e+02 1.910633236249018596e+00 1.079922474671491273e+00 4.070000000000000284e+00
5.020000000000000000e+02 1.910633236249018596e+00 1.276272015520853564e+00 4.519999999999999574e+00
5.030000000000000000e+02 1.910633236249018596e+00 1.472621556370215190e+00 4.320000000000000284e+00
5.040000000000000000e+02 1.910633236249018596e+00 1.668971097219577704e+00 4.389999999999999680e+00
5.050000000000000000e+02 1.910633236249018596e+00 1.865320638068939552e+00 4.070000000000000284e+00
5.060000000000000000e+02 1.910633236249018596e+00 2.061670178918301843e+00 4.030000000000000249e+00
5.070000000000000000e+02 1.910633236249018596e+00 2.258019719767663691e+00 4.469999999999999751e+00
5.080000000000000000e+02 1.910633236249018596e+00 2.454369260617025539e+00 4.320000000000000284e+00
5.090000000000000000e+02 1.910633236249018596e+00 2.650718801466387831e+00 4.370000000000000107e+00
5.100000000000000000e+02 1.910633236249018596e+00 2.847068342315749678e+00 4.410000000000000142e+00
5.110000000000000000e+02 1.910633236249018596e+00 3.043417883165111526e+00 4.320000000000000284e+00
5.120000000000000000e+02 1.910633236249018596e+00 3.239767424014474262e+00 4.309999999999999609e+00
5.130000000000000000e+02 1.910633236249018596e+00 3.436116964863836110e+00 4.570000000000000284e+00
5.140000000000000000e+02 1.910633236249018596e+00 3.632466505713198401e+00 4.230000000000000426e+00
5.150000000000000000e+02 1.910633236249018596e+00 3.828816046562560249e+00 4.080000000000000071e+00
5.160000000000000000e+02 1.910633236249018596e+00 4.025165587411921209e+00 4.389999999999999680e+00
5.170000000000000000e+02 1.910633236249018596e+00 4.221515128261284389e+00 4.000000000000000000e+00
5.180000000000000000e+02 1.910633236249018596e+00 4.417864669110646680e+00 4.000000000000000000e+00
5.190000000000000000e+02 1.910633236249018596e+00 4.614214209960008972e+00 2.379999999999999893e+00
5.200000000000000000e+02 1.910633236249018596e+00 4.810563750809370376e+00 0.000000000000000000e+00
5.210000000000000000e+02 1.910633236249018596e+00 5.006913291658731779e+00 3.669999999999999929e+00
5.220000000000000000e+02 1.910633236249018596e+00 5.203262832508094959e+00 4.480000000000000426e+00
5.230000000000000000e+02 1.910633236249018596e+00 5.399612373357457251e+00 4.459999999999999964e+00
5.240000000000000000e+02 1.910633236249018596e+00 5.595961914206818655e+00 4.389999999999999680e+00
5.250000000000000000e+02 1.910633236249018596e+00 5.792311455056180947e+00 4.240000000000000213e+00
5.260000000000000000e+02 1.910633236249018596e+00 5.988660995905542350e+00 4.089999999999999858e+00
5.270000000000000000e+02 1.910633236249018596e+00 6.185010536754905530e+00 4.250000000000000000e+00
5.280000000000000000e+02 2.000571758099424446e+00 0.000000000000000000e+00 4.269999999999999574e+00
5.290000000000000000e+02 2.000571758099424446e+00 1.963495408493620697e-01 4.259999999999999787e+00
5.300000000000000000e+02 2.000571758099424446e+00 3.926990816987241395e-01 4.209999999999999964e+00
5.310000000000000000e+02 2.000571758099424446e+00 5.890486225480862092e-01 4.179999999999999716e+00
5.320000000000000000e+02 2.000571758099424446e+00 7.853981633974482790e-01 4.120000000000000107e+00
5.330000000000000000e+02 2.000571758099424446e+00 9.817477042468102377e-01 4.099999999999999645e+00
5.340000000000000000e+02 2.000571758099424446e+00 1.178097245096172418e+00 4.150000000000000355e+00
5.350000000000000000e+02 2.000571758099424446e+00 1.374446785945534488e+00 4.429999999999999716e+00
5.360000000000000000e+02 2.000571758099424446e+00 1.570796326794896558e+00 4.580000000000000071e+00
5.370000000000000000e+02 2.000571758099424446e+00 1.767145867644258406e+00 4.459999999999999964e+00
5.380000000000000000e+02 2.000571758099424446e+00 1.963495408493620475e+00 4.200000000000000178e+00
5.390000000000000000e+02 2.000571758099424446e+00 2.159844949342982545e+00 4.019999999999999574e+00
5.400000000000000000e+02 2.000571758099424446e+00 2.356194490192344837e+00 4.410000000000000142e+00
5.410000000000000000e+02 2.000571758099424446e+00 2.552544031041707129e+00 4.429999999999999716e+00
5.420000000000000000e+02 2.000571758099424446e+00 2.748893571891068976e+00 4.320000000000000284e+00
5.430000000000000000e+02 2.000571758099424446e+00 2.945243112740430380e+00 4.269999999999999574e+00
5.440000000000000000e+02 2.000571758099424446e+00 3.141592653589793116e+00 4.139999999999999680e+00
5.450000000000000000e+02 2.000571758099424446e+00 3.337942194439155408e+00 4.339999999999999858e+00
5.460000000000000000e+02 2.000571758099424446e+00 3.534291735288516811e+00 4.660000000000000142e+00
5.470000000000000000e+02 2.000571758099424446e+00 3.730641276137879103e+00 4.230000000000000426e+00
5.480000000000000000e+02 2.000571758099424446e+00 3.926990816987240951e+00 4.299999999999999822e+00
5.490000000000000000e+02 2.000571758099424446e+00 4.123340357836603687e+00 4.139999999999999680e+00
5.500000000000000000e+02 2.000571758099424446e+00 4.319689898685965090e+00 3.740000000000000213e+00
5.510000000000000000e+02 2.000571758099424446e+00 4.516039439535327382e+00 3.450000000000000178e+00
5.520000000000000000e+02 2.000571758099424446e+00 4.712388980384689674e+00 0.000000000000000000e+00
5.530000000000000000e+02 2.000571758099424446e+00 4.908738521234051078e+00 3.299999999999999822e+00
5.540000000000000000e+02 2.000571758099424446e+00 5.105088062083414258e+00 4.480000000000000426e+00
5.550000000000000000e+02 2.000571758099424446e+00 5.301437602932775661e+00 4.450000000000000178e+00
5.560000000000000000e+02 2.000571758099424446e+00 5.497787143782137953e+00 4.459999999999999964e+00
5.570000000000000000e+02 2.000571758099424446e+00 5.694136684631499357e+00 4.230000000000000426e+00
5.580000000000000000e+02 2.000571758099424446e+00 5.890486225480860760e+00 4.320000000000000284e+00
5.590000000000000000e+02 2.000571758099424446e+00 6.086835766330223052e+00 4.139999999999999680e+00
5.600000000000000000e+02 2.094395102393195707e+00 9.817477042468103487e-02 4.230000000000000426e+00
5.610000000000000000e+02 2.094395102393195707e+00 2.945243112740431046e-01 4.240000000000000213e+00
5.620000000000000000e+02 2.094395102393195707e+00 4.908738521234051189e-01 4.099999999999999645e+00
5.630000000000000000e+02 2.094395102393195707e+00 6.872233929727672441e-01 4.049999999999999822e+00
5.640000000000000000e+02 2.094395102393195707e+00 8.835729338221292029e-01 4.190000000000000391e+00
5.650000000000000000e+02 2.094395102393195707e+00 1.079922474671491273e+00 3.979999999999999982e+00
5.660000000000000000e+02 2.094395102393195707e+00 1.276272015520853564e+00 4.219999999999999751e+00
5.670000000000000000e+02 2.094395102393195707e+00 1.472621556370215190e+00 4.480000000000000426e+00
5.680000000000000000e+02 2.094395102393195707e+00 1.668971097219577704e+00 4.379999999999999893e+00
5.690000000000000000e+02 2.094395102393195707e+00 1.865320638068939552e+00 4.400000000000000355e+00
5.700000000000000000e+02 2.094395102393195707e+00 2.061670178918301843e+00 4.049999999999999822e+00
5.710000000000000000e+02 2.094395102393195707e+00 2.258019719767663691e+00 4.099999999999999645e+00
5.720000000000000000e+02 2.094395102393195707e+00 2.454369260617025539e+00 4.339999999999999858e+00
5.730000000000000000e+02 2.094395102393195707e+00 2.650718801466387831e+00 4.360000000000000320e+00
5.740000000000000000e+02 2.094395102393195707e+00 2.847068342315749678e+00 4.299999999999999822e+00
5.750000000000000000e+02 2.094395102393195707e+00 3.043417883165111526e+00 4.339999999999999858e+00
5.760000000000000000e+02 2.094395102393195707e+00 3.239767424014474262e+00 4.269999999999999574e+00
5.770000000000000000e+02 2.094395102393195707e+00 3.436116964863836110e+00 4.570000000000000284e+00
5.780000000000000000e+02 2.094395102393195707e+00 3.632466505713198401e+00 4.570000000000000284e+00
5.790000000000000000e+02 2.094395102393195707e+00 3.828816046562560249e+00 3.979999999999999982e+00
5.800000000000000000e+02 2.094395102393195707e+00 4.025165587411921209e+00 4.259999999999999787e+00
5.810000000000000000e+02 2.094395102393195707e+00 4.221515128261284389e+00 4.089999999999999858e+00
5.820000000000000000e+02 2.094395102393195707e+00 4.417864669110646680e+00 3.080000000000000071e+00
5.830000000000000000e+02 2.094395102393195707e+00 4.614214209960008972e+00 6.700000000000000400e-01
5.840000000000000000e+02 2.094395102393195707e+00 4.810563750809370376e+00 2.839999999999999858e+00
5.850000000000000000e+02 2.094395102393195707e+00 5.006913291658731779e+00 4.259999999999999787e+00
5.860000000000000000e+02 2.094395102393195707e+00 5.203262832508094959e+00 4.440000000000000391e+00
5.870000000000000000e+02 2.094395102393195707e+00 5.399612373357457251e+00 4.450000000000000178e+00
5.880000000000000000e+02 2.094395102393195707e+00 5.595961914206818655e+00 4.250000000000000000e+00
5.890000000000000000e+02 2.094395102393195707e+00 5.792311455056180947e+00 4.169999999999999929e+00
5.900000000000000000e+02 2.094395102393195707e+00 5.988660995905542350e+00 4.139999999999999680e+00
5.910000000000000000e+02 2.094395102393195707e+00 6.185010536754905530e+00 4.509999999999999787e+00
5.920000000000000000e+02 2.193622912206899311e+00 0.000000000000000000e+00 4.610000000000000320e+00
5.930000000000000000e+02 2.193622912206899311e+00 1.963495408493620697e-01 4.190000000000000391e+00
5.940000000000000000e+02 2.193622912206899311e+00 3.926990816987241395e-01 4.299999999999999822e+00
5.950000000000000000e+02 2.193622912206899311e+00 5.890486225480862092e-01 4.059999999999999609e+00
5.960000000000000000e+02 2.193622912206899311e+00 7.853981633974482790e-01 4.049999999999999822e+00
5.970000000000000000e+02 2.193622912206899311e+00 9.817477042468102377e-01 4.179999999999999716e+00
5.980000000000000000e+02 2.193622912206899311e+00 1.178097245096172418e+00 4.219999999999999751e+00
5.990000000000000000e+02 2.193622912206899311e+00 1.374446785945534488e+00 4.230000000000000426e+00
6.000000000000000000e+02 2.193622912206899311e+00 1.570796326794896558e+00 4.469999999999999751e+00
6.010000000000000000e+02 2.193622912206899311e+00 1.767145867644258406e+00 4.519999999999999574e+00
6.020000000000000000e+02 2.193622912206899311e+00 1.963495408493620475e+00 4.410000000000000142e+00
6.030000000000000000e+02 2.193622912206899311e+00 2.159844949342982545e+00 3.930000000000000160e+00
6.040000000000000000e+02 2.193622912206899311e+00 2.356194490192344837e+00 3.919999999999999929e+00
6.050000000000000000e+02 2.193622912206899311e+00 2.552544031041707129e+00 4.490000000000000213e+00
6.060000000000000000e+02 2.193622912206899311e+00 2.748893571891068976e+00 4.349999999999999645e+00
6.070000000000000000e+02 2.193622912206899311e+00 2.945243112740430380e+00 4.410000000000000142e+00
6.080000000000000000e+02 2.193622912206899311e+00 3.141592653589793116e+00 4.250000000000000000e+00
6.090000000000000000e+02 2.193622912206899311e+00 3.337942194439155408e+00 4.400000000000000355e+00
6.100000000000000000e+02 2.193622912206899311e+00 3.534291735288516811e+00 4.730000000000000426e+00
6.110000000000000000e+02 2.193622912206899311e+00 3.730641276137879103e+00 4.309999999999999609e+00
6.120000000000000000e+02 2.193622912206899311e+00 3.926990816987240951e+00 4.389999999999999680e+00
6.130000000000000000e+02 2.193622912206899311e+00 4.123340357836603687e+00 4.019999999999999574e+00
6.140000000000000000e+02 2.193622912206899311e+00 4.319689898685965090e+00 3.720000000000000195e+00
6.150000000000000000e+02 2.193622912206899311e+00 4.516039439535327382e+00 5.400000000000000355e-01
6.160000000000000000e+02 2.193622912206899311e+00 4.712388980384689674e+00 1.100000000000000089e+00
6.170000000000000000e+02 2.193622912206899311e+00 4.908738521234051078e+00 3.620000000000000107e+00
6.180000000000000000e+02 2.193622912206899311e+00 5.105088062083414258e+00 4.480000000000000426e+00
6.190000000000000000e+02 2.193622912206899311e+00 5.301437602932775661e+00 4.360000000000000320e+00
6.200000000000000000e+02 2.193622912206899311e+00 5.497787143782137953e+00 4.629999999999999893e+00
6.210000000000000000e+02 2.193622912206899311e+00 5.694136684631499357e+00 4.200000000000000178e+00
6.220000000000000000e+02 2.193622912206899311e+00 5.890486225480860760e+00 4.209999999999999964e+00
6.230000000000000000e+02 2.193622912206899311e+00 6.086835766330223052e+00 4.179999999999999716e+00
6.240000000000000000e+02 2.300523983021863117e+00 9.817477042468103487e-02 4.339999999999999858e+00
6.250000000000000000e+02 2.300523983021863117e+00 2.945243112740431046e-01 4.179999999999999716e+00
6.260000000000000000e+02 2.300523983021863117e+00 4.908738521234051189e-01 4.080000000000000071e+00
6.270000000000000000e+02 2.300523983021863117e+00 6.872233929727672441e-01 3.970000000000000195e+00
6.280000000000000000e+02 2.300523983021863117e+00 8.835729338221292029e-01 4.169999999999999929e+00
6.290000000000000000e+02 2.300523983021863117e+00 1.079922474671491273e+00 4.259999999999999787e+00
6.300000000000000000e+02 2.300523983021863117e+00 1.276272015520853564e+00 4.379999999999999893e+00
6.310000000000000000e+02 2.300523983021863117e+00 1.472621556370215190e+00 4.389999999999999680e+00
6.320000000000000000e+02 2.300523983021863117e+00 1.668971097219577704e+00 4.480000000000000426e+00
6.330000000000000000e+02 2.300523983021863117e+00 1.865320638068939552e+00 4.469999999999999751e+00
6.340000000000000000e+02 2.300523983021863117e+00 2.061670178918301843e+00 3.979999999999999982e+00
6.350000000000000000e+02 2.300523983021863117e+00 2.258019719767663691e+00 3.259999999999999787e+00
6.360000000000000000e+02 2.300523983021863117e+00 2.454369260617025539e+00 4.219999999999999751e+00
6.370000000000000000e+02 2.300523983021863117e+00 2.650718801466387831e+00 4.540000000000000036e+00
6.380000000000000000e+02 2.300523983021863117e+00 2.847068342315749678e+00 4.459999999999999964e+00
6.390000000000000000e+02 2.300523983021863117e+00 3.043417883165111526e+00 4.339999999999999858e+00
6.400000000000000000e+02 2.300523983021863117e+00 3.239767424014474262e+00 4.269999999999999574e+00
6.410000000000000000e+02 2.300523983021863117e+00 3.436116964863836110e+00 4.490000000000000213e+00
6.420000000000000000e+02 2.300523983021863117e+00 3.632466505713198401e+00 4.410000000000000142e+00
6.430000000000000000e+02 2.300523983021863117e+00 3.828816046562560249e+00 4.120000000000000107e+00
6.440000000000000000e+02 2.300523983021863117e+00 4.025165587411921209e+00 4.160000000000000142e+00
6.450000000000000000e+02 2.300523983021863117e+00 4.221515128261284389e+00 3.680000000000000160e+00
6.460000000000000000e+02 2.300523983021863117e+00 4.417864669110646680e+00 3.699999999999999956e-01
6.470000000000000000e+02 2.300523983021863117e+00 4.614214209960008972e+00 2.069999999999999840e+00
6.480000000000000000e+02 2.300523983021863117e+00 4.810563750809370376e+00 3.450000000000000178e+00
6.490000000000000000e+02 2.300523983021863117e+00 5.006913291658731779e+00 4.349999999999999645e+00
6.500000000000000000e+02 2.300523983021863117e+00 5.203262832508094959e+00 4.269999999999999574e+00
6.510000000000000000e+02 2.300523983021863117e+00 5.399612373357457251e+00 4.450000000000000178e+00
6.520000000000000000e+02 2.300523983021863117e+00 5.595961914206818655e+00 4.370000000000000107e+00
6.530000000000000000e+02 2.300523983021863117e+00 5.792311455056180947e+00 4.150000000000000355e+00
6.540000000000000000e+02 2.300523983021863117e+00 5.988660995905542350e+00 4.250000000000000000e+00
6.550000000000000000e+02 2.300523983021863117e+00 6.185010536754905530e+00 4.400000000000000355e+00
6.560000000000000000e+02 2.411018908693240981e+00 1.121997376282068970e-01 4.309999999999999609e+00
6.570000000000000000e+02 2.411018908693240981e+00 3.365992128846206910e-01 4.290000000000000036e+00
6.580000000000000000e+02 2.411018908693240981e+00 5.609986881410344850e-01 4.099999999999999645e+00
6.590000000000000000e+02 2.411018908693240981e+00 7.853981633974482790e-01 4.099999999999999645e+00
6.600000000000000000e+02 2.411018908693240981e+00 1.009797638653862073e+00 4.129999999999999893e+00
6.610000000000000000e+02 2.411018908693240981e+00 1.234197113910275645e+00 4.429999999999999716e+00
6.620000000000000000e+02 2.411018908693240981e+00 1.458596589166689883e+00 4.490000000000000213e+00
6.630000000000000000e+02 2.411018908693240981e+00 1.682996064423103233e+00 4.559999999999999609e+00
6.640000000000000000e+02 2.411018908693240981e+00 1.907395539679517471e+00 4.459999999999999964e+00
6.650000000000000000e+02 2.411018908693240981e+00 2.131795014935931043e+00 3.950000000000000178e+00
6.660000000000000000e+02 2.411018908693240981e+00 2.356194490192344837e+00 3.490000000000000213e+00
6.670000000000000000e+02 2.411018908693240981e+00 2.580593965448758631e+00 4.129999999999999893e+00
6.680000000000000000e+02 2.411018908693240981e+00 2.804993440705172425e+00 4.410000000000000142e+00
6.690000000000000000e+02 2.411018908693240981e+00 3.029392915961586219e+00 4.610000000000000320e+00
6.700000000000000000e+02 2.411018908693240981e+00 3.253792391218000013e+00 4.400000000000000355e+00
6.710000000000000000e+02 2.411018908693240981e+00 3.478191866474413807e+00 4.469999999999999751e+00
6.720000000000000000e+02 2.411018908693240981e+00 3.702591341730827601e+00 3.830000000000000071e+00
6.730000000000000000e+02 2.411018908693240981e+00 3.926990816987241395e+00 3.709999999999999964e+00
6.740000000000000000e+02 2.411018908693240981e+00 4.151390292243655189e+00 3.160000000000000142e+00
6.750000000000000000e+02 2.411018908693240981e+00 4.375789767500068983e+00 2.899999999999999800e-01
6.760000000000000000e+02 2.411018908693240981e+00 4.600189242756482777e+00 2.629999999999999893e+00
6.770000000000000000e+02 2.411018908693240981e+00 4.824588718012896571e+00 3.990000000000000213e+00
6.780000000000000000e+02 2.411018908693240981e+00 5.048988193269310365e+00 4.280000000000000249e+00
6.790000000000000000e+02 2.411018908693240981e+00 5.273387668525724159e+00 4.339999999999999858e+00
6.800000000000000000e+02 2.411018908693240981e+00 5.497787143782137953e+00 4.540000000000000036e+00
6.810000000000000000e+02 2.411018908693240981e+00 5.722186619038551747e+00 4.299999999999999822e+00
6.820000000000000000e+02 2.411018908693240981e+00 5.946586094294965541e+00 4.250000000000000000e+00
6.830000000000000000e+02 2.411018908693240981e+00 6.170985569551379335e+00 4.110000000000000320e+00
6.840000000000000000e+02 2.519224165034772422e+00 1.308996938995747039e-01 4.349999999999999645e+00
6.850000000000000000e+02 2.519224165034772422e+00 3.926990816987241395e-01 4.259999999999999787e+00
6.860000000000000000e+02 2.519224165034772422e+00 6.544984694978736028e-01 4.280000000000000249e+00
6.870000000000000000e+02 2.519224165034772422e+00 9.162978572970229552e-01 4.429999999999999716e+00
6.880000000000000000e+02 2.519224165034772422e+00 1.178097245096172418e+00 4.530000000000000249e+00
6.890000000000000000e+02 2.519224165034772422e+00 1.439896632895321771e+00 4.269999999999999574e+00
6.900000000000000000e+02 2.519224165034772422e+00 1.701696020694471345e+00 4.509999999999999787e+00
6.910000000000000000e+02 2.519224165034772422e+00 1.963495408493620475e+00 4.379999999999999893e+00
6.920000000000000000e+02 2.519224165034772422e+00 2.225294796292770272e+00 4.089999999999999858e+00
6.930000000000000000e+02 2.519224165034772422e+00 2.487094184091919402e+00 3.109999999999999876e+00
6.940000000000000000e+02 2.519224165034772422e+00 2.748893571891068976e+00 3.720000000000000195e+00
6.950000000000000000e+02 2.519224165034772422e+00 3.010692959690218107e+00 3.600000000000000089e+00
6.960000000000000000e+02 2.519224165034772422e+00 3.272492347489368125e+00 3.859999999999999876e+00
6.970000000000000000e+02 2.519224165034772422e+00 3.534291735288517255e+00 3.990000000000000213e+00
6.980000000000000000e+02 2.519224165034772422e+00 3.796091123087666830e+00 3.379999999999999893e+00
6.990000000000000000e+02 2.519224165034772422e+00 4.057890510886815960e+00 9.899999999999999911e-01
7.000000000000000000e+02 2.519224165034772422e+00 4.319689898685965979e+00 3.399999999999999911e+00
7.010000000000000000e+02 2.519224165034772422e+00 4.581489286485115109e+00 3.569999999999999840e+00
7.020000000000000000e+02 2.519224165034772422e+00 4.843288674284264239e+00 4.370000000000000107e+00
7.030000000000000000e+02 2.519224165034772422e+00 5.105088062083413369e+00 4.389999999999999680e+00
7.040000000000000000e+02 2.519224165034772422e+00 5.366887449882562500e+00 4.620000000000000107e+00
7.050000000000000000e+02 2.519224165034772422e+00 5.628686837681712518e+00 4.349999999999999645e+00
7.060000000000000000e+02 2.519224165034772422e+00 5.890486225480862537e+00 4.290000000000000036e+00
7.070000000000000000e+02 2.519224165034772422e+00 6.152285613280011667e+00 4.040000000000000036e+00
7.080000000000000000e+02 2.625576266234472822e+00 1.570796326794896558e-01 4.200000000000000178e+00
7.090000000000000000e+02 2.625576266234472822e+00 4.712388980384689674e-01 4.290000000000000036e+00
7.100000000000000000e+02 2.625576266234472822e+00 7.853981633974482790e-01 4.089999999999999858e+00
7.110000000000000000e+02 2.625576266234472822e+00 1.099557428756427591e+00 4.349999999999999645e+00
7.120000000000000000e+02 2.625576266234472822e+00 1.413716694115406902e+00 4.370000000000000107e+00
7.130000000000000000e+02 2.625576266234472822e+00 1.727875959474385992e+00 4.580000000000000071e+00
7.140000000000000000e+02 2.625576266234472822e+00 2.042035224833365525e+00 4.160000000000000142e+00
7.150000000000000000e+02 2.625576266234472822e+00 2.356194490192344837e+00 4.080000000000000071e+00
7.160000000000000000e+02 2.625576266234472822e+00 2.670353755551324149e+00 3.080000000000000071e+00
7.170000000000000000e+02 2.625576266234472822e+00 2.984513020910303460e+00 2.560000000000000053e+00
7.180000000000000000e+02 2.625576266234472822e+00 3.298672286269282772e+00 3.359999999999999876e+00
7.190000000000000000e+02 2.625576266234472822e+00 3.612831551628262083e+00 2.799999999999999822e+00
7.200000000000000000e+02 2.625576266234472822e+00 3.926990816987241395e+00 -2.000000000000000111e-01
7.210000000000000000e+02 2.625576266234472822e+00 4.241150082346220707e+00 4.150000000000000355e+00
7.220000000000000000e+02 2.625576266234472822e+00 4.555309347705200018e+00 4.250000000000000000e+00
7.230000000000000000e+02 2.625576266234472822e+00 4.869468613064179330e+00 4.330000000000000071e+00
7.240000000000000000e+02 2.625576266234472822e+00 5.183627878423158641e+00 4.339999999999999858e+00
7.250000000000000000e+02 2.625576266234472822e+00 5.497787143782137953e+00 4.290000000000000036e+00
7.260000000000000000e+02 2.625576266234472822e+00 5.811946409141117265e+00 4.459999999999999964e+00
7.270000000000000000e+02 2.625576266234472822e+00 6.126105674500096576e+00 4.179999999999999716e+00
7.280000000000000000e+02 2.730454791267445280e+00 1.963495408493620697e-01 4.190000000000000391e+00
7.290000000000000000e+02 2.730454791267445280e+00 5.890486225480862092e-01 4.019999999999999574e+00
7.300000000000000000e+02 2.730454791267445280e+00 9.817477042468103487e-01 4.230000000000000426e+00
7.310000000000000000e+02 2.730454791267445280e+00 1.374446785945534488e+00 4.589999999999999858e+00
7.320000000000000000e+02 2.730454791267445280e+00 1.767145867644258628e+00 4.549999999999999822e+00
7.330000000000000000e+02 2.730454791267445280e+00 2.159844949342982545e+00 4.219999999999999751e+00
7.340000000000000000e+02 2.730454791267445280e+00 2.552544031041707129e+00 4.129999999999999893e+00
7.350000000000000000e+02 2.730454791267445280e+00 2.945243112740430824e+00 3.160000000000000142e+00
7.360000000000000000e+02 2.730454791267445280e+00 3.337942194439155408e+00 2.779999999999999805e+00
7.370000000000000000e+02 2.730454791267445280e+00 3.730641276137879103e+00 3.060000000000000053e+00
7.380000000000000000e+02 2.730454791267445280e+00 4.123340357836603687e+00 3.669999999999999929e+00
7.390000000000000000e+02 2.730454791267445280e+00 4.516039439535327382e+00 4.389999999999999680e+00
7.400000000000000000e+02 2.730454791267445280e+00 4.908738521234051966e+00 4.379999999999999893e+00
7.410000000000000000e+02 2.730454791267445280e+00 5.301437602932775661e+00 4.330000000000000071e+00
7.420000000000000000e+02 2.730454791267445280e+00 5.694136684631500245e+00 4.299999999999999822e+00
7.430000000000000000e+02 2.730454791267445280e+00 6.086835766330223940e+00 4.150000000000000355e+00
7.440000000000000000e+02 2.834197602505289737e+00 2.617993877991494078e-01 4.549999999999999822e+00
7.450000000000000000e+02 2.834197602505289737e+00 7.853981633974482790e-01 4.250000000000000000e+00
7.460000000000000000e+02 2.834197602505289737e+00 1.308996938995747206e+00 4.480000000000000426e+00
7.470000000000000000e+02 2.834197602505289737e+00 1.832595714594045910e+00 4.349999999999999645e+00
7.480000000000000000e+02 2.834197602505289737e+00 2.356194490192344837e+00 4.259999999999999787e+00
7.490000000000000000e+02 2.834197602505289737e+00 2.879793265790643542e+00 3.879999999999999893e+00
7.500000000000000000e+02 2.834197602505289737e+00 3.403392041388942690e+00 3.580000000000000071e+00
7.510000000000000000e+02 2.834197602505289737e+00 3.926990816987240951e+00 4.059999999999999609e+00
7.520000000000000000e+02 2.834197602505289737e+00 4.450589592585540544e+00 4.349999999999999645e+00
7.530000000000000000e+02 2.834197602505289737e+00 4.974188368183838804e+00 4.410000000000000142e+00
7.540000000000000000e+02 2.834197602505289737e+00 5.497787143782137953e+00 4.429999999999999716e+00
7.550000000000000000e+02 2.834197602505289737e+00 6.021385919380436214e+00 4.200000000000000178e+00
7.560000000000000000e+02 2.937112454621258362e+00 3.926990816987241395e-01 4.330000000000000071e+00
7.570000000000000000e+02 2.937112454621258362e+00 1.178097245096172418e+00 4.309999999999999609e+00
7.580000000000000000e+02 2.937112454621258362e+00 1.963495408493620697e+00 4.160000000000000142e+00
7.590000000000000000e+02 2.937112454621258362e+00 2.748893571891068976e+00 4.070000000000000284e+00
7.600000000000000000e+02 2.937112454621258362e+00 3.534291735288517255e+00 3.919999999999999929e+00
7.610000000000000000e+02 2.937112454621258362e+00 4.319689898685965090e+00 4.429999999999999716e+00
7.620000000000000000e+02 2.937112454621258362e+00 5.105088062083414258e+00 4.290000000000000036e+00
7.630000000000000000e+02 2.937112454621258362e+00 5.890486225480861648e+00 4.360000000000000320e+00
7.640000000000000000e+02 3.039486231207189082e+00 7.853981633974482790e-01 4.379999999999999893e+00
7.650000000000000000e+02 3.039486231207189082e+00 2.356194490192344837e+00 4.219999999999999751e+00
7.660000000000000000e+02 3.039486231207189082e+00 3.926990816987241395e+00 4.160000000000000142e+00
7.670000000000000000e+02 3.039486231207189082e+00 5.497787143782137953e+00 4.410000000000000142e+00
