0.000000000000000000e+00 1.021064223826040340e-01 7.853981633974482790e-01 1.417999999999999972e+01
1.000000000000000000e+00 1.021064223826040340e-01 2.356194490192344837e+00 1.381000000000000050e+01
2.000000000000000000e+00 1.021064223826040340e-01 3.926990816987241395e+00 1.397000000000000064e+01
3.000000000000000000e+00 1.021064223826040340e-01 5.497787143782137953e+00 1.341999999999999993e+01
4.000000000000000000e+00 2.044801989685349763e-01 3.926990816987241395e-01 1.396000000000000085e+01
5.000000000000000000e+00 2.044801989685349763e-01 1.178097245096172418e+00 1.423000000000000043e+01
6.000000000000000000e+00 2.044801989685349763e-01 1.963495408493620697e+00 1.400000000000000000e+01
7.000000000000000000e+00 2.044801989685349763e-01 2.748893571891068976e+00 1.390000000000000036e+01
8.000000000000000000e+00 2.044801989685349763e-01 3.534291735288517255e+00 1.403999999999999915e+01
9.000000000000000000e+00 2.044801989685349763e-01 4.319689898685965090e+00 1.396000000000000085e+01
1.000000000000000000e+01 2.044801989685349763e-01 5.105088062083414258e+00 1.363000000000000078e+01
1.100000000000000000e+01 2.044801989685349763e-01 5.890486225480861648e+00 1.366000000000000014e+01
1.200000000000000000e+01 3.073950510845033790e-01 2.617993877991494078e-01 1.380000000000000071e+01
1.300000000000000000e+01 3.073950510845033790e-01 7.853981633974482790e-01 1.400000000000000000e+01
1.400000000000000000e+01 3.073950510845033790e-01 1.308996938995747206e+00 1.377999999999999936e+01
1.500000000000000000e+01 3.073950510845033790e-01 1.832595714594045910e+00 1.399000000000000021e+01
1.600000000000000000e+01 3.073950510845033790e-01 2.356194490192344837e+00 1.391000000000000014e+01
1.700000000000000000e+01 3.073950510845033790e-01 2.879793265790643542e+00 1.382000000000000028e+01
1.800000000000000000e+01 3.073950510845033790e-01 3.403392041388942690e+00 1.416000000000000014e+01
1.900000000000000000e+01 3.073950510845033790e-01 3.926990816987240951e+00 1.422000000000000064e+01
2.000000000000000000e+01 3.073950510845033790e-01 4.450589592585540544e+00 1.383000000000000007e+01
2.100000000000000000e+01 3.073950510845033790e-01 4.974188368183838804e+00 1.389000000000000057e+01
2.200000000000000000e+01 3.073950510845033790e-01 5.497787143782137953e+00 1.410999999999999943e+01
2.300000000000000000e+01 3.073950510845033790e-01 6.021385919380436214e+00 1.389000000000000057e+01
2.400000000000000000e+01 4.111378623223477802e-01 1.963495408493620697e-01 1.410999999999999943e+01
2.500000000000000000e+01 4.111378623223477802e-01 5.890486225480862092e-01 1.408999999999999986e+01
2.600000000000000000e+01 4.111378623223477802e-01 9.817477042468103487e-01 1.382000000000000028e+01
2.700000000000000000e+01 4.111378623223477802e-01 1.374446785945534488e+00 1.342999999999999972e+01
2.800000000000000000e+01 4.111378623223477802e-01 1.767145867644258628e+00 1.358000000000000007e+01
2.900000000000000000e+01 4.111378623223477802e-01 2.159844949342982545e+00 1.401999999999999957e+01
3.000000000000000000e+01 4.111378623223477802e-01 2.552544031041707129e+00 1.397000000000000064e+01
3.100000000000000000e+01 4.111378623223477802e-01 2.945243112740430824e+00 1.375999999999999979e+01
3.200000000000000000e+01 4.111378623223477802e-01 3.337942194439155408e+00 1.411999999999999922e+01
3.300000000000000000e+01 4.111378623223477802e-01 3.730641276137879103e+00 1.416000000000000014e+01
3.400000000000000000e+01 4.111378623223477802e-01 4.123340357836603687e+00 1.378999999999999915e+01
3.500000000000000000e+01 4.111378623223477802e-01 4.516039439535327382e+00 1.383000000000000007e+01
3.600000000000000000e+01 4.111378623223477802e-01 4.908738521234051966e+00 1.368999999999999950e+01
3.700000000000000000e+01 4.111378623223477802e-01 5.301437602932775661e+00 1.396000000000000085e+01
3.800000000000000000e+01 4.111378623223477802e-01 5.694136684631500245e+00 1.390000000000000036e+01
3.900000000000000000e+01 4.111378623223477802e-01 6.086835766330223940e+00 1.391000000000000014e+01
4.000000000000000000e+01 5.160163873553204050e-01 1.570796326794896558e-01 1.408999999999999986e+01
4.100000000000000000e+01 5.160163873553204050e-01 4.712388980384689674e-01 1.426999999999999957e+01
4.200000000000000000e+01 5.160163873553204050e-01 7.853981633974482790e-01 1.378999999999999915e+01
4.300000000000000000e+01 5.160163873553204050e-01 1.099557428756427591e+00 1.378999999999999915e+01
4.400000000000000000e+01 5.160163873553204050e-01 1.413716694115406902e+00 1.375000000000000000e+01
4.500000000000000000e+01 5.160163873553204050e-01 1.727875959474385992e+00 1.378999999999999915e+01
4.600000000000000000e+01 5.160163873553204050e-01 2.042035224833365525e+00 1.402999999999999936e+01
4.700000000000000000e+01 5.160163873553204050e-01 2.356194490192344837e+00 1.417999999999999972e+01
4.800000000000000000e+01 5.160163873553204050e-01 2.670353755551324149e+00 1.406000000000000050e+01
4.900000000000000000e+01 5.160163873553204050e-01 2.984513020910303460e+00 1.398000000000000043e+01
5.000000000000000000e+01 5.160163873553204050e-01 3.298672286269282772e+00 1.393999999999999950e+01
5.100000000000000000e+01 5.160163873553204050e-01 3.612831551628262083e+00 1.402999999999999936e+01
5.200000000000000000e+01 5.160163873553204050e-01 3.926990816987241395e+00 1.399000000000000021e+01
5.300000000000000000e+01 5.160163873553204050e-01 4.241150082346220707e+00 1.408000000000000007e+01
5.400000000000000000e+01 5.160163873553204050e-01 4.555309347705200018e+00 1.402999999999999936e+01
5.500000000000000000e+01 5.160163873553204050e-01 4.869468613064179330e+00 1.377999999999999936e+01
5.600000000000000000e+01 5.160163873553204050e-01 5.183627878423158641e+00 1.390000000000000036e+01
5.700000000000000000e+01 5.160163873553204050e-01 5.497787143782137953e+00 1.382000000000000028e+01
5.800000000000000000e+01 5.160163873553204050e-01 5.811946409141117265e+00 1.373000000000000043e+01
5.900000000000000000e+01 5.160163873553204050e-01 6.126105674500096576e+00 1.401999999999999957e+01
6.000000000000000000e+01 6.223684885550206936e-01 1.308996938995747039e-01 1.439000000000000057e+01
6.100000000000000000e+01 6.223684885550206936e-01 3.926990816987241395e-01 1.400000000000000000e+01
6.200000000000000000e+01 6.223684885550206936e-01 6.544984694978736028e-01 1.413000000000000078e+01
6.300000000000000000e+01 6.223684885550206936e-01 9.162978572970229552e-01 1.375000000000000000e+01
6.400000000000000000e+01 6.223684885550206936e-01 1.178097245096172418e+00 1.383000000000000007e+01
6.500000000000000000e+01 6.223684885550206936e-01 1.439896632895321771e+00 1.386999999999999922e+01
6.600000000000000000e+01 6.223684885550206936e-01 1.701696020694471345e+00 1.403999999999999915e+01
6.700000000000000000e+01 6.223684885550206936e-01 1.963495408493620475e+00 1.381000000000000050e+01
6.800000000000000000e+01 6.223684885550206936e-01 2.225294796292770272e+00 1.392999999999999972e+01
6.900000000000000000e+01 6.223684885550206936e-01 2.487094184091919402e+00 1.413000000000000078e+01
7.000000000000000000e+01 6.223684885550206936e-01 2.748893571891068976e+00 1.394999999999999929e+01
7.100000000000000000e+01 6.223684885550206936e-01 3.010692959690218107e+00 1.384999999999999964e+01
7.200000000000000000e+01 6.223684885550206936e-01 3.272492347489368125e+00 1.418999999999999950e+01
7.300000000000000000e+01 6.223684885550206936e-01 3.534291735288517255e+00 1.389000000000000057e+01
7.400000000000000000e+01 6.223684885550206936e-01 3.796091123087666830e+00 1.408000000000000007e+01
7.500000000000000000e+01 6.223684885550206936e-01 4.057890510886815960e+00 1.406000000000000050e+01
7.600000000000000000e+01 6.223684885550206936e-01 4.319689898685965979e+00 1.414000000000000057e+01
7.700000000000000000e+01 6.223684885550206936e-01 4.581489286485115109e+00 1.411999999999999922e+01
7.800000000000000000e+01 6.223684885550206936e-01 4.843288674284264239e+00 1.392999999999999972e+01
7.900000000000000000e+01 6.223684885550206936e-01 5.105088062083413369e+00 1.377999999999999936e+01
8.000000000000000000e+01 6.223684885550206936e-01 5.366887449882562500e+00 1.398000000000000043e+01
8.100000000000000000e+01 6.223684885550206936e-01 5.628686837681712518e+00 1.388000000000000078e+01
8.200000000000000000e+01 6.223684885550206936e-01 5.890486225480862537e+00 1.405000000000000071e+01
8.300000000000000000e+01 6.223684885550206936e-01 6.152285613280011667e+00 1.394999999999999929e+01
8.400000000000000000e+01 7.305737448965523573e-01 1.121997376282068970e-01 1.442999999999999972e+01
8.500000000000000000e+01 7.305737448965523573e-01 3.365992128846206910e-01 1.396000000000000085e+01
8.600000000000000000e+01 7.305737448965523573e-01 5.609986881410344850e-01 1.433999999999999986e+01
8.700000000000000000e+01 7.305737448965523573e-01 7.853981633974482790e-01 1.418999999999999950e+01
8.800000000000000000e+01 7.305737448965523573e-01 1.009797638653862073e+00 1.402999999999999936e+01
8.900000000000000000e+01 7.305737448965523573e-01 1.234197113910275645e+00 1.407000000000000028e+01
9.000000000000000000e+01 7.305737448965523573e-01 1.458596589166689883e+00 1.408999999999999986e+01
9.100000000000000000e+01 7.305737448965523573e-01 1.682996064423103233e+00 1.380000000000000071e+01
9.200000000000000000e+01 7.305737448965523573e-01 1.907395539679517471e+00 1.374000000000000021e+01
9.300000000000000000e+01 7.305737448965523573e-01 2.131795014935931043e+00 1.356000000000000050e+01
9.400000000000000000e+01 7.305737448965523573e-01 2.356194490192344837e+00 1.393999999999999950e+01
9.500000000000000000e+01 7.305737448965523573e-01 2.580593965448758631e+00 1.385999999999999943e+01
9.600000000000000000e+01 7.305737448965523573e-01 2.804993440705172425e+00 1.408999999999999986e+01
9.700000000000000000e+01 7.305737448965523573e-01 3.029392915961586219e+00 1.377999999999999936e+01
9.800000000000000000e+01 7.305737448965523573e-01 3.253792391218000013e+00 1.394999999999999929e+01
9.900000000000000000e+01 7.305737448965523573e-01 3.478191866474413807e+00 1.390000000000000036e+01
1.000000000000000000e+02 7.305737448965523573e-01 3.702591341730827601e+00 1.372000000000000064e+01
1.010000000000000000e+02 7.305737448965523573e-01 3.926990816987241395e+00 1.409999999999999964e+01
1.020000000000000000e+02 7.305737448965523573e-01 4.151390292243655189e+00 1.394999999999999929e+01
1.030000000000000000e+02 7.305737448965523573e-01 4.375789767500068983e+00 1.416000000000000014e+01
1.040000000000000000e+02 7.305737448965523573e-01 4.600189242756482777e+00 1.426999999999999957e+01
1.050000000000000000e+02 7.305737448965523573e-01 4.824588718012896571e+00 1.398000000000000043e+01
1.060000000000000000e+02 7.305737448965523573e-01 5.048988193269310365e+00 1.382000000000000028e+01
1.070000000000000000e+02 7.305737448965523573e-01 5.273387668525724159e+00 1.434999999999999964e+01
1.080000000000000000e+02 7.305737448965523573e-01 5.497787143782137953e+00 1.408000000000000007e+01
1.090000000000000000e+02 7.305737448965523573e-01 5.722186619038551747e+00 1.406000000000000050e+01
1.100000000000000000e+02 7.305737448965523573e-01 5.946586094294965541e+00 1.383000000000000007e+01
1.110000000000000000e+02 7.305737448965523573e-01 6.170985569551379335e+00 1.402999999999999936e+01
1.120000000000000000e+02 8.410686705679303321e-01 9.817477042468103487e-02 1.393999999999999950e+01
1.130000000000000000e+02 8.410686705679303321e-01 2.945243112740431046e-01 1.409999999999999964e+01
1.140000000000000000e+02 8.410686705679303321e-01 4.908738521234051189e-01 1.435999999999999943e+01
1.150000000000000000e+02 8.410686705679303321e-01 6.872233929727672441e-01 1.416999999999999993e+01
1.160000000000000000e+02 8.410686705679303321e-01 8.835729338221292029e-01 1.398000000000000043e+01
1.170000000000000000e+02 8.410686705679303321e-01 1.079922474671491273e+00 1.426999999999999957e+01
1.180000000000000000e+02 8.410686705679303321e-01 1.276272015520853564e+00 1.408999999999999986e+01
1.190000000000000000e+02 8.410686705679303321e-01 1.472621556370215190e+00 1.396000000000000085e+01
1.200000000000000000e+02 8.410686705679303321e-01 1.668971097219577704e+00 1.389000000000000057e+01
1.210000000000000000e+02 8.410686705679303321e-01 1.865320638068939552e+00 1.400999999999999979e+01
1.220000000000000000e+02 8.410686705679303321e-01 2.061670178918301843e+00 1.391999999999999993e+01
1.230000000000000000e+02 8.410686705679303321e-01 2.258019719767663691e+00 1.401999999999999957e+01
1.240000000000000000e+02 8.410686705679303321e-01 2.454369260617025539e+00 1.394999999999999929e+01
1.250000000000000000e+02 8.410686705679303321e-01 2.650718801466387831e+00 1.374000000000000021e+01
1.260000000000000000e+02 8.410686705679303321e-01 2.847068342315749678e+00 1.419999999999999929e+01
1.270000000000000000e+02 8.410686705679303321e-01 3.043417883165111526e+00 1.400000000000000000e+01
1.280000000000000000e+02 8.410686705679303321e-01 3.239767424014474262e+00 1.390000000000000036e+01
1.290000000000000000e+02 8.410686705679303321e-01 3.436116964863836110e+00 1.386999999999999922e+01
1.300000000000000000e+02 8.410686705679303321e-01 3.632466505713198401e+00 1.398000000000000043e+01
1.310000000000000000e+02 8.410686705679303321e-01 3.828816046562560249e+00 1.388000000000000078e+01
1.320000000000000000e+02 8.410686705679303321e-01 4.025165587411921209e+00 1.373000000000000043e+01
1.330000000000000000e+02 8.410686705679303321e-01 4.221515128261284389e+00 1.424000000000000021e+01
1.340000000000000000e+02 8.410686705679303321e-01 4.417864669110646680e+00 1.409999999999999964e+01
1.350000000000000000e+02 8.410686705679303321e-01 4.614214209960008972e+00 1.396000000000000085e+01
1.360000000000000000e+02 8.410686705679303321e-01 4.810563750809370376e+00 1.378999999999999915e+01
1.370000000000000000e+02 8.410686705679303321e-01 5.006913291658731779e+00 1.367999999999999972e+01
1.380000000000000000e+02 8.410686705679303321e-01 5.203262832508094959e+00 1.386999999999999922e+01
1.390000000000000000e+02 8.410686705679303321e-01 5.399612373357457251e+00 1.418999999999999950e+01
1.400000000000000000e+02 8.410686705679303321e-01 5.595961914206818655e+00 1.399000000000000021e+01
1.410000000000000000e+02 8.410686705679303321e-01 5.792311455056180947e+00 1.378999999999999915e+01
1.420000000000000000e+02 8.410686705679303321e-01 5.988660995905542350e+00 1.377999999999999936e+01
1.430000000000000000e+02 8.410686705679303321e-01 6.185010536754905530e+00 1.389000000000000057e+01
1.440000000000000000e+02 9.479697413828938046e-01 0.000000000000000000e+00 1.393999999999999950e+01
1.450000000000000000e+02 9.479697413828938046e-01 1.963495408493620697e-01 1.414000000000000057e+01
1.460000000000000000e+02 9.479697413828938046e-01 3.926990816987241395e-01 1.406000000000000050e+01
1.470000000000000000e+02 9.479697413828938046e-01 5.890486225480862092e-01 1.399000000000000021e+01
1.480000000000000000e+02 9.479697413828938046e-01 7.853981633974482790e-01 1.427999999999999936e+01
1.490000000000000000e+02 9.479697413828938046e-01 9.817477042468102377e-01 1.400000000000000000e+01
1.500000000000000000e+02 9.479697413828938046e-01 1.178097245096172418e+00 1.418999999999999950e+01
1.510000000000000000e+02 9.479697413828938046e-01 1.374446785945534488e+00 1.399000000000000021e+01
1.520000000000000000e+02 9.479697413828938046e-01 1.570796326794896558e+00 1.401999999999999957e+01
1.530000000000000000e+02 9.479697413828938046e-01 1.767145867644258406e+00 1.401999999999999957e+01
1.540000000000000000e+02 9.479697413828938046e-01 1.963495408493620475e+00 1.386999999999999922e+01
1.550000000000000000e+02 9.479697413828938046e-01 2.159844949342982545e+00 1.402999999999999936e+01
1.560000000000000000e+02 9.479697413828938046e-01 2.356194490192344837e+00 1.398000000000000043e+01
1.570000000000000000e+02 9.479697413828938046e-01 2.552544031041707129e+00 1.390000000000000036e+01
1.580000000000000000e+02 9.479697413828938046e-01 2.748893571891068976e+00 1.407000000000000028e+01
1.590000000000000000e+02 9.479697413828938046e-01 2.945243112740430380e+00 1.408999999999999986e+01
1.600000000000000000e+02 9.479697413828938046e-01 3.141592653589793116e+00 1.390000000000000036e+01
1.610000000000000000e+02 9.479697413828938046e-01 3.337942194439155408e+00 1.396000000000000085e+01
1.620000000000000000e+02 9.479697413828938046e-01 3.534291735288516811e+00 1.374000000000000021e+01
1.630000000000000000e+02 9.479697413828938046e-01 3.730641276137879103e+00 1.392999999999999972e+01
1.640000000000000000e+02 9.479697413828938046e-01 3.926990816987240951e+00 1.350000000000000000e+01
1.650000000000000000e+02 9.479697413828938046e-01 4.123340357836603687e+00 1.382000000000000028e+01
1.660000000000000000e+02 9.479697413828938046e-01 4.319689898685965090e+00 1.400999999999999979e+01
1.670000000000000000e+02 9.479697413828938046e-01 4.516039439535327382e+00 1.390000000000000036e+01
1.680000000000000000e+02 9.479697413828938046e-01 4.712388980384689674e+00 1.378999999999999915e+01
1.690000000000000000e+02 9.479697413828938046e-01 4.908738521234051078e+00 1.348000000000000043e+01
1.700000000000000000e+02 9.479697413828938046e-01 5.105088062083414258e+00 1.382000000000000028e+01
1.710000000000000000e+02 9.479697413828938046e-01 5.301437602932775661e+00 1.423000000000000043e+01
1.720000000000000000e+02 9.479697413828938046e-01 5.497787143782137953e+00 1.439000000000000057e+01
1.730000000000000000e+02 9.479697413828938046e-01 5.694136684631499357e+00 1.403999999999999915e+01
1.740000000000000000e+02 9.479697413828938046e-01 5.890486225480860760e+00 1.381000000000000050e+01
1.750000000000000000e+02 9.479697413828938046e-01 6.086835766330223052e+00 1.386999999999999922e+01
1.760000000000000000e+02 1.047197551196597853e+00 9.817477042468103487e-02 1.389000000000000057e+01
1.770000000000000000e+02 1.047197551196597853e+00 2.945243112740431046e-01 1.393999999999999950e+01
1.780000000000000000e+02 1.047197551196597853e+00 4.908738521234051189e-01 1.393999999999999950e+01
1.790000000000000000e+02 1.047197551196597853e+00 6.872233929727672441e-01 1.400000000000000000e+01
1.800000000000000000e+02 1.047197551196597853e+00 8.835729338221292029e-01 1.396000000000000085e+01
1.810000000000000000e+02 1.047197551196597853e+00 1.079922474671491273e+00 1.413000000000000078e+01
1.820000000000000000e+02 1.047197551196597853e+00 1.276272015520853564e+00 1.408999999999999986e+01
1.830000000000000000e+02 1.047197551196597853e+00 1.472621556370215190e+00 1.406000000000000050e+01
1.840000000000000000e+02 1.047197551196597853e+00 1.668971097219577704e+00 1.413000000000000078e+01
1.850000000000000000e+02 1.047197551196597853e+00 1.865320638068939552e+00 1.407000000000000028e+01
1.860000000000000000e+02 1.047197551196597853e+00 2.061670178918301843e+00 1.400999999999999979e+01
1.870000000000000000e+02 1.047197551196597853e+00 2.258019719767663691e+00 1.372000000000000064e+01
1.880000000000000000e+02 1.047197551196597853e+00 2.454369260617025539e+00 1.374000000000000021e+01
1.890000000000000000e+02 1.047197551196597853e+00 2.650718801466387831e+00 1.405000000000000071e+01
1.900000000000000000e+02 1.047197551196597853e+00 2.847068342315749678e+00 1.433999999999999986e+01
1.910000000000000000e+02 1.047197551196597853e+00 3.043417883165111526e+00 1.408000000000000007e+01
1.920000000000000000e+02 1.047197551196597853e+00 3.239767424014474262e+00 1.383999999999999986e+01
1.930000000000000000e+02 1.047197551196597853e+00 3.436116964863836110e+00 1.384999999999999964e+01
1.940000000000000000e+02 1.047197551196597853e+00 3.632466505713198401e+00 1.373000000000000043e+01
1.950000000000000000e+02 1.047197551196597853e+00 3.828816046562560249e+00 1.366999999999999993e+01
1.960000000000000000e+02 1.047197551196597853e+00 4.025165587411921209e+00 1.380000000000000071e+01
1.970000000000000000e+02 1.047197551196597853e+00 4.221515128261284389e+00 1.391999999999999993e+01
1.980000000000000000e+02 1.047197551196597853e+00 4.417864669110646680e+00 1.411999999999999922e+01
1.990000000000000000e+02 1.047197551196597853e+00 4.614214209960008972e+00 1.375000000000000000e+01
2.000000000000000000e+02 1.047197551196597853e+00 4.810563750809370376e+00 1.361999999999999922e+01
2.010000000000000000e+02 1.047197551196597853e+00 5.006913291658731779e+00 1.391000000000000014e+01
2.020000000000000000e+02 1.047197551196597853e+00 5.203262832508094959e+00 1.386999999999999922e+01
2.030000000000000000e+02 1.047197551196597853e+00 5.399612373357457251e+00 1.459999999999999964e+01
2.040000000000000000e+02 1.047197551196597853e+00 5.595961914206818655e+00 1.428999999999999915e+01
2.050000000000000000e+02 1.047197551196597853e+00 5.792311455056180947e+00 1.368999999999999950e+01
2.060000000000000000e+02 1.047197551196597853e+00 5.988660995905542350e+00 1.384999999999999964e+01
2.070000000000000000e+02 1.047197551196597853e+00 6.185010536754905530e+00 1.383000000000000007e+01
2.080000000000000000e+02 1.141020895490368892e+00 0.000000000000000000e+00 1.375000000000000000e+01
2.090000000000000000e+02 1.141020895490368892e+00 1.963495408493620697e-01 1.374000000000000021e+01
2.100000000000000000e+02 1.141020895490368892e+00 3.926990816987241395e-01 1.393999999999999950e+01
2.110000000000000000e+02 1.141020895490368892e+00 5.890486225480862092e-01 1.390000000000000036e+01
2.120000000000000000e+02 1.141020895490368892e+00 7.853981633974482790e-01 1.399000000000000021e+01
2.130000000000000000e+02 1.141020895490368892e+00 9.817477042468102377e-01 1.400000000000000000e+01
2.140000000000000000e+02 1.141020895490368892e+00 1.178097245096172418e+00 1.396000000000000085e+01
2.150000000000000000e+02 1.141020895490368892e+00 1.374446785945534488e+00 1.409999999999999964e+01
2.160000000000000000e+02 1.141020895490368892e+00 1.570796326794896558e+00 1.383000000000000007e+01
2.170000000000000000e+02 1.141020895490368892e+00 1.767145867644258406e+00 1.390000000000000036e+01
2.180000000000000000e+02 1.141020895490368892e+00 1.963495408493620475e+00 1.400999999999999979e+01
2.190000000000000000e+02 1.141020895490368892e+00 2.159844949342982545e+00 1.383000000000000007e+01
2.200000000000000000e+02 1.141020895490368892e+00 2.356194490192344837e+00 1.391999999999999993e+01
2.210000000000000000e+02 1.141020895490368892e+00 2.552544031041707129e+00 1.369999999999999929e+01
2.220000000000000000e+02 1.141020895490368892e+00 2.748893571891068976e+00 1.418999999999999950e+01
2.230000000000000000e+02 1.141020895490368892e+00 2.945243112740430380e+00 1.409999999999999964e+01
2.240000000000000000e+02 1.141020895490368892e+00 3.141592653589793116e+00 1.385999999999999943e+01
2.250000000000000000e+02 1.141020895490368892e+00 3.337942194439155408e+00 1.389000000000000057e+01
2.260000000000000000e+02 1.141020895490368892e+00 3.534291735288516811e+00 1.413000000000000078e+01
2.270000000000000000e+02 1.141020895490368892e+00 3.730641276137879103e+00 1.388000000000000078e+01
2.280000000000000000e+02 1.141020895490368892e+00 3.926990816987240951e+00 1.407000000000000028e+01
2.290000000000000000e+02 1.141020895490368892e+00 4.123340357836603687e+00 1.402999999999999936e+01
2.300000000000000000e+02 1.141020895490368892e+00 4.319689898685965090e+00 1.389000000000000057e+01
2.310000000000000000e+02 1.141020895490368892e+00 4.516039439535327382e+00 1.392999999999999972e+01
2.320000000000000000e+02 1.141020895490368892e+00 4.712388980384689674e+00 1.392999999999999972e+01
2.330000000000000000e+02 1.141020895490368892e+00 4.908738521234051078e+00 1.378999999999999915e+01
2.340000000000000000e+02 1.141020895490368892e+00 5.105088062083414258e+00 1.364000000000000057e+01
2.350000000000000000e+02 1.141020895490368892e+00 5.301437602932775661e+00 1.408999999999999986e+01
2.360000000000000000e+02 1.141020895490368892e+00 5.497787143782137953e+00 1.432000000000000028e+01
2.370000000000000000e+02 1.141020895490368892e+00 5.694136684631499357e+00 1.391999999999999993e+01
2.380000000000000000e+02 1.141020895490368892e+00 5.890486225480860760e+00 1.391000000000000014e+01
2.390000000000000000e+02 1.141020895490368892e+00 6.086835766330223052e+00 1.369999999999999929e+01
2.400000000000000000e+02 1.230959417340774742e+00 9.817477042468103487e-02 1.384999999999999964e+01
2.410000000000000000e+02 1.230959417340774742e+00 2.945243112740431046e-01 1.415000000000000036e+01
2.420000000000000000e+02 1.230959417340774742e+00 4.908738521234051189e-01 1.386999999999999922e+01
2.430000000000000000e+02 1.230959417340774742e+00 6.872233929727672441e-01 1.400999999999999979e+01
2.440000000000000000e+02 1.230959417340774742e+00 8.835729338221292029e-01 1.392999999999999972e+01
2.450000000000000000e+02 1.230959417340774742e+00 1.079922474671491273e+00 1.396000000000000085e+01
2.460000000000000000e+02 1.230959417340774742e+00 1.276272015520853564e+00 1.389000000000000057e+01
2.470000000000000000e+02 1.230959417340774742e+00 1.472621556370215190e+00 1.394999999999999929e+01
2.480000000000000000e+02 1.230959417340774742e+00 1.668971097219577704e+00 1.399000000000000021e+01
2.490000000000000000e+02 1.230959417340774742e+00 1.865320638068939552e+00 1.390000000000000036e+01
2.500000000000000000e+02 1.230959417340774742e+00 2.061670178918301843e+00 1.358000000000000007e+01
2.510000000000000000e+02 1.230959417340774742e+00 2.258019719767663691e+00 1.376999999999999957e+01
2.520000000000000000e+02 1.230959417340774742e+00 2.454369260617025539e+00 1.382000000000000028e+01
2.530000000000000000e+02 1.230959417340774742e+00 2.650718801466387831e+00 1.402999999999999936e+01
2.540000000000000000e+02 1.230959417340774742e+00 2.847068342315749678e+00 1.425000000000000000e+01
2.550000000000000000e+02 1.230959417340774742e+00 3.043417883165111526e+00 1.411999999999999922e+01
2.560000000000000000e+02 1.230959417340774742e+00 3.239767424014474262e+00 1.386999999999999922e+01
2.570000000000000000e+02 1.230959417340774742e+00 3.436116964863836110e+00 1.398000000000000043e+01
2.580000000000000000e+02 1.230959417340774742e+00 3.632466505713198401e+00 1.406000000000000050e+01
2.590000000000000000e+02 1.230959417340774742e+00 3.828816046562560249e+00 1.408000000000000007e+01
2.600000000000000000e+02 1.230959417340774742e+00 4.025165587411921209e+00 1.414000000000000057e+01
2.610000000000000000e+02 1.230959417340774742e+00 4.221515128261284389e+00 1.377999999999999936e+01
2.620000000000000000e+02 1.230959417340774742e+00 4.417864669110646680e+00 1.391999999999999993e+01
2.630000000000000000e+02 1.230959417340774742e+00 4.614214209960008972e+00 1.394999999999999929e+01
2.640000000000000000e+02 1.230959417340774742e+00 4.810563750809370376e+00 1.375000000000000000e+01
2.650000000000000000e+02 1.230959417340774742e+00 5.006913291658731779e+00 1.389000000000000057e+01
2.660000000000000000e+02 1.230959417340774742e+00 5.203262832508094959e+00 1.385999999999999943e+01
2.670000000000000000e+02 1.230959417340774742e+00 5.399612373357457251e+00 1.415000000000000036e+01
2.680000000000000000e+02 1.230959417340774742e+00 5.595961914206818655e+00 1.389000000000000057e+01
2.690000000000000000e+02 1.230959417340774742e+00 5.792311455056180947e+00 1.407000000000000028e+01
2.700000000000000000e+02 1.230959417340774742e+00 5.988660995905542350e+00 1.390000000000000036e+01
2.710000000000000000e+02 1.230959417340774742e+00 6.185010536754905530e+00 1.439000000000000057e+01
2.720000000000000000e+02 1.318116071652817967e+00 0.000000000000000000e+00 1.405000000000000071e+01
2.730000000000000000e+02 1.318116071652817967e+00 1.963495408493620697e-01 1.381000000000000050e+01
2.740000000000000000e+02 1.318116071652817967e+00 3.926990816987241395e-01 1.391000000000000014e+01
2.750000000000000000e+02 1.318116071652817967e+00 5.890486225480862092e-01 1.391000000000000014e+01
2.760000000000000000e+02 1.318116071652817967e+00 7.853981633974482790e-01 1.393999999999999950e+01
2.770000000000000000e+02 1.318116071652817967e+00 9.817477042468102377e-01 1.385999999999999943e+01
2.780000000000000000e+02 1.318116071652817967e+00 1.178097245096172418e+00 1.397000000000000064e+01
2.790000000000000000e+02 1.318116071652817967e+00 1.374446785945534488e+00 1.414000000000000057e+01
2.800000000000000000e+02 1.318116071652817967e+00 1.570796326794896558e+00 1.390000000000000036e+01
2.810000000000000000e+02 1.318116071652817967e+00 1.767145867644258406e+00 1.378999999999999915e+01
2.820000000000000000e+02 1.318116071652817967e+00 1.963495408493620475e+00 1.350000000000000000e+01
2.830000000000000000e+02 1.318116071652817967e+00 2.159844949342982545e+00 1.386999999999999922e+01
2.840000000000000000e+02 1.318116071652817967e+00 2.356194490192344837e+00 1.369999999999999929e+01
2.850000000000000000e+02 1.318116071652817967e+00 2.552544031041707129e+00 1.385999999999999943e+01
2.860000000000000000e+02 1.318116071652817967e+00 2.748893571891068976e+00 1.402999999999999936e+01
2.870000000000000000e+02 1.318116071652817967e+00 2.945243112740430380e+00 1.405000000000000071e+01
2.880000000000000000e+02 1.318116071652817967e+00 3.141592653589793116e+00 1.386999999999999922e+01
2.890000000000000000e+02 1.318116071652817967e+00 3.337942194439155408e+00 1.400000000000000000e+01
2.900000000000000000e+02 1.318116071652817967e+00 3.534291735288516811e+00 1.400999999999999979e+01
2.910000000000000000e+02 1.318116071652817967e+00 3.730641276137879103e+00 1.382000000000000028e+01
2.920000000000000000e+02 1.318116071652817967e+00 3.926990816987240951e+00 1.403999999999999915e+01
2.930000000000000000e+02 1.318116071652817967e+00 4.123340357836603687e+00 1.389000000000000057e+01
2.940000000000000000e+02 1.318116071652817967e+00 4.319689898685965090e+00 1.392999999999999972e+01
2.950000000000000000e+02 1.318116071652817967e+00 4.516039439535327382e+00 1.393999999999999950e+01
2.960000000000000000e+02 1.318116071652817967e+00 4.712388980384689674e+00 1.406000000000000050e+01
2.970000000000000000e+02 1.318116071652817967e+00 4.908738521234051078e+00 1.410999999999999943e+01
2.980000000000000000e+02 1.318116071652817967e+00 5.105088062083414258e+00 1.401999999999999957e+01
2.990000000000000000e+02 1.318116071652817967e+00 5.301437602932775661e+00 1.397000000000000064e+01
3.000000000000000000e+02 1.318116071652817967e+00 5.497787143782137953e+00 1.385999999999999943e+01
3.010000000000000000e+02 1.318116071652817967e+00 5.694136684631499357e+00 1.416999999999999993e+01
3.020000000000000000e+02 1.318116071652817967e+00 5.890486225480860760e+00 1.398000000000000043e+01
3.030000000000000000e+02 1.318116071652817967e+00 6.086835766330223052e+00 1.389000000000000057e+01
3.040000000000000000e+02 1.403348247575207264e+00 9.817477042468103487e-02 1.383999999999999986e+01
3.050000000000000000e+02 1.403348247575207264e+00 2.945243112740431046e-01 1.364000000000000057e+01
3.060000000000000000e+02 1.403348247575207264e+00 4.908738521234051189e-01 1.375000000000000000e+01
3.070000000000000000e+02 1.403348247575207264e+00 6.872233929727672441e-01 1.365000000000000036e+01
3.080000000000000000e+02 1.403348247575207264e+00 8.835729338221292029e-01 1.380000000000000071e+01
3.090000000000000000e+02 1.403348247575207264e+00 1.079922474671491273e+00 1.363000000000000078e+01
3.100000000000000000e+02 1.403348247575207264e+00 1.276272015520853564e+00 1.397000000000000064e+01
3.110000000000000000e+02 1.403348247575207264e+00 1.472621556370215190e+00 1.394999999999999929e+01
3.120000000000000000e+02 1.403348247575207264e+00 1.668971097219577704e+00 1.381000000000000050e+01
3.130000000000000000e+02 1.403348247575207264e+00 1.865320638068939552e+00 1.371000000000000085e+01
3.140000000000000000e+02 1.403348247575207264e+00 2.061670178918301843e+00 1.361999999999999922e+01
3.150000000000000000e+02 1.403348247575207264e+00 2.258019719767663691e+00 1.376999999999999957e+01
3.160000000000000000e+02 1.403348247575207264e+00 2.454369260617025539e+00 1.366999999999999993e+01
3.170000000000000000e+02 1.403348247575207264e+00 2.650718801466387831e+00 1.381000000000000050e+01
3.180000000000000000e+02 1.403348247575207264e+00 2.847068342315749678e+00 1.402999999999999936e+01
3.190000000000000000e+02 1.403348247575207264e+00 3.043417883165111526e+00 1.377999999999999936e+01
3.200000000000000000e+02 1.403348247575207264e+00 3.239767424014474262e+00 1.382000000000000028e+01
3.210000000000000000e+02 1.403348247575207264e+00 3.436116964863836110e+00 1.399000000000000021e+01
3.220000000000000000e+02 1.403348247575207264e+00 3.632466505713198401e+00 1.378999999999999915e+01
3.230000000000000000e+02 1.403348247575207264e+00 3.828816046562560249e+00 1.378999999999999915e+01
3.240000000000000000e+02 1.403348247575207264e+00 4.025165587411921209e+00 1.376999999999999957e+01
3.250000000000000000e+02 1.403348247575207264e+00 4.221515128261284389e+00 1.400999999999999979e+01
3.260000000000000000e+02 1.403348247575207264e+00 4.417864669110646680e+00 1.386999999999999922e+01
3.270000000000000000e+02 1.403348247575207264e+00 4.614214209960008972e+00 1.400999999999999979e+01
3.280000000000000000e+02 1.403348247575207264e+00 4.810563750809370376e+00 1.398000000000000043e+01
3.290000000000000000e+02 1.403348247575207264e+00 5.006913291658731779e+00 1.425000000000000000e+01
3.300000000000000000e+02 1.403348247575207264e+00 5.203262832508094959e+00 1.408999999999999986e+01
3.310000000000000000e+02 1.403348247575207264e+00 5.399612373357457251e+00 1.388000000000000078e+01
3.320000000000000000e+02 1.403348247575207264e+00 5.595961914206818655e+00 1.386999999999999922e+01
3.330000000000000000e+02 1.403348247575207264e+00 5.792311455056180947e+00 1.408999999999999986e+01
3.340000000000000000e+02 1.403348247575207264e+00 5.988660995905542350e+00 1.376999999999999957e+01
3.350000000000000000e+02 1.403348247575207264e+00 6.185010536754905530e+00 1.363000000000000078e+01
3.360000000000000000e+02 1.487366240184281541e+00 0.000000000000000000e+00 1.346000000000000085e+01
3.370000000000000000e+02 1.487366240184281541e+00 1.963495408493620697e-01 0.000000000000000000e+00
3.380000000000000000e+02 1.487366240184281541e+00 3.926990816987241395e-01 1.135999999999999943e+01
3.390000000000000000e+02 1.487366240184281541e+00 5.890486225480862092e-01 1.288000000000000078e+01
3.400000000000000000e+02 1.487366240184281541e+00 7.853981633974482790e-01 1.307000000000000028e+01
3.410000000000000000e+02 1.487366240184281541e+00 9.817477042468102377e-01 1.303999999999999915e+01
3.420000000000000000e+02 1.487366240184281541e+00 1.178097245096172418e+00 1.341000000000000014e+01
3.430000000000000000e+02 1.487366240184281541e+00 1.374446785945534488e+00 1.348000000000000043e+01
3.440000000000000000e+02 1.487366240184281541e+00 1.570796326794896558e+00 1.339000000000000057e+01
3.450000000000000000e+02 1.487366240184281541e+00 1.767145867644258406e+00 1.358999999999999986e+01
3.460000000000000000e+02 1.487366240184281541e+00 1.963495408493620475e+00 1.316999999999999993e+01
3.470000000000000000e+02 1.487366240184281541e+00 2.159844949342982545e+00 1.340000000000000036e+01
3.480000000000000000e+02 1.487366240184281541e+00 2.356194490192344837e+00 1.372000000000000064e+01
3.490000000000000000e+02 1.487366240184281541e+00 2.552544031041707129e+00 1.383999999999999986e+01
3.500000000000000000e+02 1.487366240184281541e+00 2.748893571891068976e+00 1.391000000000000014e+01
3.510000000000000000e+02 1.487366240184281541e+00 2.945243112740430380e+00 1.383000000000000007e+01
3.520000000000000000e+02 1.487366240184281541e+00 3.141592653589793116e+00 1.405000000000000071e+01
3.530000000000000000e+02 1.487366240184281541e+00 3.337942194439155408e+00 1.400000000000000000e+01
3.540000000000000000e+02 1.487366240184281541e+00 3.534291735288516811e+00 1.380000000000000071e+01
3.550000000000000000e+02 1.487366240184281541e+00 3.730641276137879103e+00 1.375000000000000000e+01
3.560000000000000000e+02 1.487366240184281541e+00 3.926990816987240951e+00 1.360999999999999943e+01
3.570000000000000000e+02 1.487366240184281541e+00 4.123340357836603687e+00 1.399000000000000021e+01
3.580000000000000000e+02 1.487366240184281541e+00 4.319689898685965090e+00 1.384999999999999964e+01
3.590000000000000000e+02 1.487366240184281541e+00 4.516039439535327382e+00 1.382000000000000028e+01
3.600000000000000000e+02 1.487366240184281541e+00 4.712388980384689674e+00 1.383000000000000007e+01
3.610000000000000000e+02 1.487366240184281541e+00 4.908738521234051078e+00 1.403999999999999915e+01
3.620000000000000000e+02 1.487366240184281541e+00 5.105088062083414258e+00 1.373000000000000043e+01
3.630000000000000000e+02 1.487366240184281541e+00 5.301437602932775661e+00 1.375999999999999979e+01
3.640000000000000000e+02 1.487366240184281541e+00 5.497787143782137953e+00 1.352999999999999936e+01
3.650000000000000000e+02 1.487366240184281541e+00 5.694136684631499357e+00 1.346000000000000085e+01
3.660000000000000000e+02 1.487366240184281541e+00 5.890486225480860760e+00 1.286999999999999922e+01
3.670000000000000000e+02 1.487366240184281541e+00 6.086835766330223052e+00 1.240000000000000036e+01
3.680000000000000000e+02 1.570796326794896558e+00 9.817477042468103487e-02 1.217999999999999972e+01
3.690000000000000000e+02 1.570796326794896558e+00 2.945243112740431046e-01 1.100000000000000000e+01
3.700000000000000000e+02 1.570796326794896558e+00 4.908738521234051189e-01 1.100000000000000000e+01
3.710000000000000000e+02 1.570796326794896558e+00 6.872233929727672441e-01 1.169999999999999929e+01
3.720000000000000000e+02 1.570796326794896558e+00 8.835729338221292029e-01 1.169999999999999929e+01
3.730000000000000000e+02 1.570796326794896558e+00 1.079922474671491273e+00 1.103999999999999915e+01
3.740000000000000000e+02 1.570796326794896558e+00 1.276272015520853564e+00 1.241999999999999993e+01
3.750000000000000000e+02 1.570796326794896558e+00 1.472621556370215190e+00 1.231000000000000050e+01
3.760000000000000000e+02 1.570796326794896558e+00 1.668971097219577704e+00 1.278999999999999915e+01
3.770000000000000000e+02 1.570796326794896558e+00 1.865320638068939552e+00 1.327999999999999936e+01
3.780000000000000000e+02 1.570796326794896558e+00 2.061670178918301843e+00 1.302999999999999936e+01
3.790000000000000000e+02 1.570796326794896558e+00 2.258019719767663691e+00 1.348000000000000043e+01
3.800000000000000000e+02 1.570796326794896558e+00 2.454369260617025539e+00 1.334999999999999964e+01
3.810000000000000000e+02 1.570796326794896558e+00 2.650718801466387831e+00 1.333000000000000007e+01
3.820000000000000000e+02 1.570796326794896558e+00 2.847068342315749678e+00 1.397000000000000064e+01
3.830000000000000000e+02 1.570796326794896558e+00 3.043417883165111526e+00 1.381000000000000050e+01
3.840000000000000000e+02 1.570796326794896558e+00 3.239767424014474262e+00 1.381000000000000050e+01
3.850000000000000000e+02 1.570796326794896558e+00 3.436116964863836110e+00 1.380000000000000071e+01
3.860000000000000000e+02 1.570796326794896558e+00 3.632466505713198401e+00 1.341000000000000014e+01
3.870000000000000000e+02 1.570796326794896558e+00 3.828816046562560249e+00 1.322000000000000064e+01
3.880000000000000000e+02 1.570796326794896558e+00 4.025165587411921209e+00 1.380000000000000071e+01
3.890000000000000000e+02 1.570796326794896558e+00 4.221515128261284389e+00 1.407000000000000028e+01
3.900000000000000000e+02 1.570796326794896558e+00 4.417864669110646680e+00 1.374000000000000021e+01
3.910000000000000000e+02 1.570796326794896558e+00 4.614214209960008972e+00 1.306000000000000050e+01
3.920000000000000000e+02 1.570796326794896558e+00 4.810563750809370376e+00 1.314000000000000057e+01
3.930000000000000000e+02 1.570796326794896558e+00 5.006913291658731779e+00 1.077999999999999936e+01
3.940000000000000000e+02 1.570796326794896558e+00 5.203262832508094959e+00 1.208000000000000007e+01
3.950000000000000000e+02 1.570796326794896558e+00 5.399612373357457251e+00 1.249000000000000021e+01
3.960000000000000000e+02 1.570796326794896558e+00 5.595961914206818655e+00 1.210999999999999943e+01
3.970000000000000000e+02 1.570796326794896558e+00 5.792311455056180947e+00 1.200000000000000000e+01
3.980000000000000000e+02 1.570796326794896558e+00 5.988660995905542350e+00 1.177999999999999936e+01
3.990000000000000000e+02 1.570796326794896558e+00 6.185010536754905530e+00 1.100000000000000000e+01
4.000000000000000000e+02 1.654226413405511575e+00 0.000000000000000000e+00 1.148000000000000043e+01
4.010000000000000000e+02 1.654226413405511575e+00 1.963495408493620697e-01 1.215000000000000036e+01
4.020000000000000000e+02 1.654226413405511575e+00 3.926990816987241395e-01 1.215000000000000036e+01
4.030000000000000000e+02 1.654226413405511575e+00 5.890486225480862092e-01 1.293999999999999950e+01
4.040000000000000000e+02 1.654226413405511575e+00 7.853981633974482790e-01 1.292999999999999972e+01
4.050000000000000000e+02 1.654226413405511575e+00 9.817477042468102377e-01 1.324000000000000021e+01
4.060000000000000000e+02 1.654226413405511575e+00 1.178097245096172418e+00 1.355000000000000071e+01
4.070000000000000000e+02 1.654226413405511575e+00 1.374446785945534488e+00 1.342999999999999972e+01
4.080000000000000000e+02 1.654226413405511575e+00 1.570796326794896558e+00 1.377999999999999936e+01
4.090000000000000000e+02 1.654226413405511575e+00 1.767145867644258406e+00 1.408999999999999986e+01
4.100000000000000000e+02 1.654226413405511575e+00 1.963495408493620475e+00 1.369999999999999929e+01
4.110000000000000000e+02 1.654226413405511575e+00 2.159844949342982545e+00 1.382000000000000028e+01
4.120000000000000000e+02 1.654226413405511575e+00 2.356194490192344837e+00 1.377999999999999936e+01
4.130000000000000000e+02 1.654226413405511575e+00 2.552544031041707129e+00 1.399000000000000021e+01
4.140000000000000000e+02 1.654226413405511575e+00 2.748893571891068976e+00 1.398000000000000043e+01
4.150000000000000000e+02 1.654226413405511575e+00 2.945243112740430380e+00 1.375999999999999979e+01
4.160000000000000000e+02 1.654226413405511575e+00 3.141592653589793116e+00 1.384999999999999964e+01
4.170000000000000000e+02 1.654226413405511575e+00 3.337942194439155408e+00 1.396000000000000085e+01
4.180000000000000000e+02 1.654226413405511575e+00 3.534291735288516811e+00 1.371000000000000085e+01
4.190000000000000000e+02 1.654226413405511575e+00 3.730641276137879103e+00 1.357000000000000028e+01
4.200000000000000000e+02 1.654226413405511575e+00 3.926990816987240951e+00 1.382000000000000028e+01
4.210000000000000000e+02 1.654226413405511575e+00 4.123340357836603687e+00 1.396000000000000085e+01
4.220000000000000000e+02 1.654226413405511575e+00 4.319689898685965090e+00 1.383999999999999986e+01
4.230000000000000000e+02 1.654226413405511575e+00 4.516039439535327382e+00 1.333999999999999986e+01
4.240000000000000000e+02 1.654226413405511575e+00 4.712388980384689674e+00 1.372000000000000064e+01
4.250000000000000000e+02 1.654226413405511575e+00 4.908738521234051078e+00 1.368999999999999950e+01
4.260000000000000000e+02 1.654226413405511575e+00 5.105088062083414258e+00 1.316999999999999993e+01
4.270000000000000000e+02 1.654226413405511575e+00 5.301437602932775661e+00 1.331000000000000050e+01
4.280000000000000000e+02 1.654226413405511575e+00 5.497787143782137953e+00 1.343999999999999950e+01
4.290000000000000000e+02 1.654226413405511575e+00 5.694136684631499357e+00 1.393999999999999950e+01
4.300000000000000000e+02 1.654226413405511575e+00 5.890486225480860760e+00 1.257000000000000028e+01
4.310000000000000000e+02 1.654226413405511575e+00 6.086835766330223052e+00 1.188000000000000078e+01
4.320000000000000000e+02 1.738244406014585852e+00 9.817477042468103487e-02 1.340000000000000036e+01
4.330000000000000000e+02 1.738244406014585852e+00 2.945243112740431046e-01 1.351999999999999957e+01
4.340000000000000000e+02 1.738244406014585852e+00 4.908738521234051189e-01 1.349000000000000021e+01
4.350000000000000000e+02 1.738244406014585852e+00 6.872233929727672441e-01 1.364000000000000057e+01
4.360000000000000000e+02 1.738244406014585852e+00 8.835729338221292029e-01 1.343999999999999950e+01
4.370000000000000000e+02 1.738244406014585852e+00 1.079922474671491273e+00 1.378999999999999915e+01
4.380000000000000000e+02 1.738244406014585852e+00 1.276272015520853564e+00 1.388000000000000078e+01
4.390000000000000000e+02 1.738244406014585852e+00 1.472621556370215190e+00 1.368999999999999950e+01
4.400000000000000000e+02 1.738244406014585852e+00 1.668971097219577704e+00 1.393999999999999950e+01
4.410000000000000000e+02 1.738244406014585852e+00 1.865320638068939552e+00 1.394999999999999929e+01
4.420000000000000000e+02 1.738244406014585852e+00 2.061670178918301843e+00 1.408000000000000007e+01
4.430000000000000000e+02 1.738244406014585852e+00 2.258019719767663691e+00 1.396000000000000085e+01
4.440000000000000000e+02 1.738244406014585852e+00 2.454369260617025539e+00 1.425999999999999979e+01
4.450000000000000000e+02 1.738244406014585852e+00 2.650718801466387831e+00 1.431000000000000050e+01
4.460000000000000000e+02 1.738244406014585852e+00 2.847068342315749678e+00 1.402999999999999936e+01
4.470000000000000000e+02 1.738244406014585852e+00 3.043417883165111526e+00 1.391000000000000014e+01
4.480000000000000000e+02 1.738244406014585852e+00 3.239767424014474262e+00 1.389000000000000057e+01
4.490000000000000000e+02 1.738244406014585852e+00 3.436116964863836110e+00 1.375999999999999979e+01
4.500000000000000000e+02 1.738244406014585852e+00 3.632466505713198401e+00 1.347000000000000064e+01
4.510000000000000000e+02 1.738244406014585852e+00 3.828816046562560249e+00 1.391999999999999993e+01
4.520000000000000000e+02 1.738244406014585852e+00 4.025165587411921209e+00 1.378999999999999915e+01
4.530000000000000000e+02 1.738244406014585852e+00 4.221515128261284389e+00 1.408000000000000007e+01
4.540000000000000000e+02 1.738244406014585852e+00 4.417864669110646680e+00 1.392999999999999972e+01
4.550000000000000000e+02 1.738244406014585852e+00 4.614214209960008972e+00 1.403999999999999915e+01
4.560000000000000000e+02 1.738244406014585852e+00 4.810563750809370376e+00 1.398000000000000043e+01
4.570000000000000000e+02 1.738244406014585852e+00 5.006913291658731779e+00 1.369999999999999929e+01
4.580000000000000000e+02 1.738244406014585852e+00 5.203262832508094959e+00 1.371000000000000085e+01
4.590000000000000000e+02 1.738244406014585852e+00 5.399612373357457251e+00 1.372000000000000064e+01
4.600000000000000000e+02 1.738244406014585852e+00 5.595961914206818655e+00 1.409999999999999964e+01
4.610000000000000000e+02 1.738244406014585852e+00 5.792311455056180947e+00 1.384999999999999964e+01
4.620000000000000000e+02 1.738244406014585852e+00 5.988660995905542350e+00 1.303999999999999915e+01
4.630000000000000000e+02 1.738244406014585852e+00 6.185010536754905530e+00 1.321000000000000085e+01
4.640000000000000000e+02 1.823476581936975371e+00 0.000000000000000000e+00 1.361999999999999922e+01
4.650000000000000000e+02 1.823476581936975371e+00 1.963495408493620697e-01 1.393999999999999950e+01
4.660000000000000000e+02 1.823476581936975371e+00 3.926990816987241395e-01 1.377999999999999936e+01
4.670000000000000000e+02 1.823476581936975371e+00 5.890486225480862092e-01 1.388000000000000078e+01
4.680000000000000000e+02 1.823476581936975371e+00 7.853981633974482790e-01 1.392999999999999972e+01
4.690000000000000000e+02 1.823476581936975371e+00 9.817477042468102377e-01 1.406000000000000050e+01
4.700000000000000000e+02 1.823476581936975371e+00 1.178097245096172418e+00 1.401999999999999957e+01
4.710000000000000000e+02 1.823476581936975371e+00 1.374446785945534488e+00 1.398000000000000043e+01
4.720000000000000000e+02 1.823476581936975371e+00 1.570796326794896558e+00 1.398000000000000043e+01
4.730000000000000000e+02 1.823476581936975371e+00 1.767145867644258406e+00 1.398000000000000043e+01
4.740000000000000000e+02 1.823476581936975371e+00 1.963495408493620475e+00 1.407000000000000028e+01
4.750000000000000000e+02 1.823476581936975371e+00 2.159844949342982545e+00 1.393999999999999950e+01
4.760000000000000000e+02 1.823476581936975371e+00 2.356194490192344837e+00 1.408999999999999986e+01
4.770000000000000000e+02 1.823476581936975371e+00 2.552544031041707129e+00 1.447000000000000064e+01
4.780000000000000000e+02 1.823476581936975371e+00 2.748893571891068976e+00 1.416999999999999993e+01
4.790000000000000000e+02 1.823476581936975371e+00 2.945243112740430380e+00 1.400999999999999979e+01
4.800000000000000000e+02 1.823476581936975371e+00 3.141592653589793116e+00 1.373000000000000043e+01
4.810000000000000000e+02 1.823476581936975371e+00 3.337942194439155408e+00 1.384999999999999964e+01
4.820000000000000000e+02 1.823476581936975371e+00 3.534291735288516811e+00 1.390000000000000036e+01
4.830000000000000000e+02 1.823476581936975371e+00 3.730641276137879103e+00 1.350000000000000000e+01
4.840000000000000000e+02 1.823476581936975371e+00 3.926990816987240951e+00 1.390000000000000036e+01
4.850000000000000000e+02 1.823476581936975371e+00 4.123340357836603687e+00 1.408000000000000007e+01
4.860000000000000000e+02 1.823476581936975371e+00 4.319689898685965090e+00 1.419999999999999929e+01
4.870000000000000000e+02 1.823476581936975371e+00 4.516039439535327382e+00 1.415000000000000036e+01
4.880000000000000000e+02 1.823476581936975371e+00 4.712388980384689674e+00 1.401999999999999957e+01
4.890000000000000000e+02 1.823476581936975371e+00 4.908738521234051078e+00 1.381000000000000050e+01
4.900000000000000000e+02 1.823476581936975371e+00 5.105088062083414258e+00 1.360999999999999943e+01
4.910000000000000000e+02 1.823476581936975371e+00 5.301437602932775661e+00 1.361999999999999922e+01
4.920000000000000000e+02 1.823476581936975371e+00 5.497787143782137953e+00 1.368999999999999950e+01
4.930000000000000000e+02 1.823476581936975371e+00 5.694136684631499357e+00 1.426999999999999957e+01
4.940000000000000000e+02 1.823476581936975371e+00 5.890486225480860760e+00 1.367999999999999972e+01
4.950000000000000000e+02 1.823476581936975371e+00 6.086835766330223052e+00 1.375000000000000000e+01
4.960000000000000000e+02 1.910633236249018596e+00 9.817477042468103487e-02 1.400999999999999979e+01
4.970000000000000000e+02 1.910633236249018596e+00 2.945243112740431046e-01 1.392999999999999972e+01
4.980000000000000000e+02 1.910633236249018596e+00 4.908738521234051189e-01 1.401999999999999957e+01
4.990000000000000000e+02 1.910633236249018596e+00 6.872233929727672441e-01 1.383000000000000007e+01
5.000000000000000000e+02 1.910633236249018596e+00 8.835729338221292029e-01 1.405000000000000071e+01
5.010000000000000000e+02 1.910633236249018596e+00 1.079922474671491273e+00 1.408000000000000007e+01
5.020000000000000000e+02 1.910633236249018596e+00 1.276272015520853564e+00 1.378999999999999915e+01
5.030000000000000000e+02 1.910633236249018596e+00 1.472621556370215190e+00 1.367999999999999972e+01
5.040000000000000000e+02 1.910633236249018596e+00 1.668971097219577704e+00 1.414000000000000057e+01
5.050000000000000000e+02 1.910633236249018596e+00 1.865320638068939552e+00 1.386999999999999922e+01
5.060000000000000000e+02 1.910633236249018596e+00 2.061670178918301843e+00 1.391000000000000014e+01
5.070000000000000000e+02 1.910633236249018596e+00 2.258019719767663691e+00 1.391999999999999993e+01
5.080000000000000000e+02 1.910633236249018596e+00 2.454369260617025539e+00 1.426999999999999957e+01
5.090000000000000000e+02 1.910633236249018596e+00 2.650718801466387831e+00 1.428999999999999915e+01
5.100000000000000000e+02 1.910633236249018596e+00 2.847068342315749678e+00 1.363000000000000078e+01
5.110000000000000000e+02 1.910633236249018596e+00 3.043417883165111526e+00 1.372000000000000064e+01
5.120000000000000000e+02 1.910633236249018596e+00 3.239767424014474262e+00 1.381000000000000050e+01
5.130000000000000000e+02 1.910633236249018596e+00 3.436116964863836110e+00 1.423000000000000043e+01
5.140000000000000000e+02 1.910633236249018596e+00 3.632466505713198401e+00 1.374000000000000021e+01
5.150000000000000000e+02 1.910633236249018596e+00 3.828816046562560249e+00 1.389000000000000057e+01
5.160000000000000000e+02 1.910633236249018596e+00 4.025165587411921209e+00 1.405000000000000071e+01
5.170000000000000000e+02 1.910633236249018596e+00 4.221515128261284389e+00 1.423000000000000043e+01
5.180000000000000000e+02 1.910633236249018596e+00 4.417864669110646680e+00 1.399000000000000021e+01
5.190000000000000000e+02 1.910633236249018596e+00 4.614214209960008972e+00 1.409999999999999964e+01
5.200000000000000000e+02 1.910633236249018596e+00 4.810563750809370376e+00 1.380000000000000071e+01
5.210000000000000000e+02 1.910633236249018596e+00 5.006913291658731779e+00 1.383999999999999986e+01
5.220000000000000000e+02 1.910633236249018596e+00 5.203262832508094959e+00 1.367999999999999972e+01
5.230000000000000000e+02 1.910633236249018596e+00 5.399612373357457251e+00 1.378999999999999915e+01
5.240000000000000000e+02 1.910633236249018596e+00 5.595961914206818655e+00 1.394999999999999929e+01
5.250000000000000000e+02 1.910633236249018596e+00 5.792311455056180947e+00 1.402999999999999936e+01
5.260000000000000000e+02 1.910633236249018596e+00 5.988660995905542350e+00 1.377999999999999936e+01
5.270000000000000000e+02 1.910633236249018596e+00 6.185010536754905530e+00 1.376999999999999957e+01
5.280000000000000000e+02 2.000571758099424446e+00 0.000000000000000000e+00 1.369999999999999929e+01
5.290000000000000000e+02 2.000571758099424446e+00 1.963495408493620697e-01 1.394999999999999929e+01
5.300000000000000000e+02 2.000571758099424446e+00 3.926990816987241395e-01 1.411999999999999922e+01
5.310000000000000000e+02 2.000571758099424446e+00 5.890486225480862092e-01 1.390000000000000036e+01
5.320000000000000000e+02 2.000571758099424446e+00 7.853981633974482790e-01 1.396000000000000085e+01
5.330000000000000000e+02 2.000571758099424446e+00 9.817477042468102377e-01 1.402999999999999936e+01
5.340000000000000000e+02 2.000571758099424446e+00 1.178097245096172418e+00 1.381000000000000050e+01
5.350000000000000000e+02 2.000571758099424446e+00 1.374446785945534488e+00 1.369999999999999929e+01
5.360000000000000000e+02 2.000571758099424446e+00 1.570796326794896558e+00 1.376999999999999957e+01
5.370000000000000000e+02 2.000571758099424446e+00 1.767145867644258406e+00 1.393999999999999950e+01
5.380000000000000000e+02 2.000571758099424446e+00 1.963495408493620475e+00 1.390000000000000036e+01
5.390000000000000000e+02 2.000571758099424446e+00 2.159844949342982545e+00 1.388000000000000078e+01
5.400000000000000000e+02 2.000571758099424446e+00 2.356194490192344837e+00 1.406000000000000050e+01
5.410000000000000000e+02 2.000571758099424446e+00 2.552544031041707129e+00 1.425999999999999979e+01
5.420000000000000000e+02 2.000571758099424446e+00 2.748893571891068976e+00 1.399000000000000021e+01
5.430000000000000000e+02 2.000571758099424446e+00 2.945243112740430380e+00 1.385999999999999943e+01
5.440000000000000000e+02 2.000571758099424446e+00 3.141592653589793116e+00 1.397000000000000064e+01
5.450000000000000000e+02 2.000571758099424446e+00 3.337942194439155408e+00 1.391999999999999993e+01
5.460000000000000000e+02 2.000571758099424446e+00 3.534291735288516811e+00 1.398000000000000043e+01
5.470000000000000000e+02 2.000571758099424446e+00 3.730641276137879103e+00 1.400000000000000000e+01
5.480000000000000000e+02 2.000571758099424446e+00 3.926990816987240951e+00 1.407000000000000028e+01
5.490000000000000000e+02 2.000571758099424446e+00 4.123340357836603687e+00 1.392999999999999972e+01
5.500000000000000000e+02 2.000571758099424446e+00 4.319689898685965090e+00 1.424000000000000021e+01
5.510000000000000000e+02 2.000571758099424446e+00 4.516039439535327382e+00 1.428999999999999915e+01
5.520000000000000000e+02 2.000571758099424446e+00 4.712388980384689674e+00 1.409999999999999964e+01
5.530000000000000000e+02 2.000571758099424446e+00 4.908738521234051078e+00 1.396000000000000085e+01
5.540000000000000000e+02 2.000571758099424446e+00 5.105088062083414258e+00 1.375000000000000000e+01
5.550000000000000000e+02 2.000571758099424446e+00 5.301437602932775661e+00 1.383999999999999986e+01
5.560000000000000000e+02 2.000571758099424446e+00 5.497787143782137953e+00 1.400000000000000000e+01
5.570000000000000000e+02 2.000571758099424446e+00 5.694136684631499357e+00 1.385999999999999943e+01
5.580000000000000000e+02 2.000571758099424446e+00 5.890486225480860760e+00 1.394999999999999929e+01
5.590000000000000000e+02 2.000571758099424446e+00 6.086835766330223052e+00 1.392999999999999972e+01
5.600000000000000000e+02 2.094395102393195707e+00 9.817477042468103487e-02 1.390000000000000036e+01
5.610000000000000000e+02 2.094395102393195707e+00 2.945243112740431046e-01 1.390000000000000036e+01
5.620000000000000000e+02 2.094395102393195707e+00 4.908738521234051189e-01 1.390000000000000036e+01
5.630000000000000000e+02 2.094395102393195707e+00 6.872233929727672441e-01 1.386999999999999922e+01
5.640000000000000000e+02 2.094395102393195707e+00 8.835729338221292029e-01 1.410999999999999943e+01
5.650000000000000000e+02 2.094395102393195707e+00 1.079922474671491273e+00 1.389000000000000057e+01
5.660000000000000000e+02 2.094395102393195707e+00 1.276272015520853564e+00 1.392999999999999972e+01
5.670000000000000000e+02 2.094395102393195707e+00 1.472621556370215190e+00 1.393999999999999950e+01
5.680000000000000000e+02 2.094395102393195707e+00 1.668971097219577704e+00 1.408999999999999986e+01
5.690000000000000000e+02 2.094395102393195707e+00 1.865320638068939552e+00 1.410999999999999943e+01
5.700000000000000000e+02 2.094395102393195707e+00 2.061670178918301843e+00 1.391999999999999993e+01
5.710000000000000000e+02 2.094395102393195707e+00 2.258019719767663691e+00 1.414000000000000057e+01
5.720000000000000000e+02 2.094395102393195707e+00 2.454369260617025539e+00 1.423000000000000043e+01
5.730000000000000000e+02 2.094395102393195707e+00 2.650718801466387831e+00 1.416000000000000014e+01
5.740000000000000000e+02 2.094395102393195707e+00 2.847068342315749678e+00 1.400000000000000000e+01
5.750000000000000000e+02 2.094395102393195707e+00 3.043417883165111526e+00 1.411999999999999922e+01
5.760000000000000000e+02 2.094395102393195707e+00 3.239767424014474262e+00 1.366999999999999993e+01
5.770000000000000000e+02 2.094395102393195707e+00 3.436116964863836110e+00 1.400999999999999979e+01
5.780000000000000000e+02 2.094395102393195707e+00 3.632466505713198401e+00 1.389000000000000057e+01
5.790000000000000000e+02 2.094395102393195707e+00 3.828816046562560249e+00 1.418999999999999950e+01
5.800000000000000000e+02 2.094395102393195707e+00 4.025165587411921209e+00 1.422000000000000064e+01
5.810000000000000000e+02 2.094395102393195707e+00 4.221515128261284389e+00 1.407000000000000028e+01
5.820000000000000000e+02 2.094395102393195707e+00 4.417864669110646680e+00 1.416999999999999993e+01
5.830000000000000000e+02 2.094395102393195707e+00 4.614214209960008972e+00 1.406000000000000050e+01
5.840000000000000000e+02 2.094395102393195707e+00 4.810563750809370376e+00 1.422000000000000064e+01
5.850000000000000000e+02 2.094395102393195707e+00 5.006913291658731779e+00 1.397000000000000064e+01
5.860000000000000000e+02 2.094395102393195707e+00 5.203262832508094959e+00 1.392999999999999972e+01
5.870000000000000000e+02 2.094395102393195707e+00 5.399612373357457251e+00 1.402999999999999936e+01
5.880000000000000000e+02 2.094395102393195707e+00 5.595961914206818655e+00 1.378999999999999915e+01
5.890000000000000000e+02 2.094395102393195707e+00 5.792311455056180947e+00 1.383000000000000007e+01
5.900000000000000000e+02 2.094395102393195707e+00 5.988660995905542350e+00 1.415000000000000036e+01
5.910000000000000000e+02 2.094395102393195707e+00 6.185010536754905530e+00 1.369999999999999929e+01
5.920000000000000000e+02 2.193622912206899311e+00 0.000000000000000000e+00 1.393999999999999950e+01
5.930000000000000000e+02 2.193622912206899311e+00 1.963495408493620697e-01 1.400000000000000000e+01
5.940000000000000000e+02 2.193622912206899311e+00 3.926990816987241395e-01 1.408000000000000007e+01
5.950000000000000000e+02 2.193622912206899311e+00 5.890486225480862092e-01 1.406000000000000050e+01
5.960000000000000000e+02 2.193622912206899311e+00 7.853981633974482790e-01 1.398000000000000043e+01
5.970000000000000000e+02 2.193622912206899311e+00 9.817477042468102377e-01 1.407000000000000028e+01
5.980000000000000000e+02 2.193622912206899311e+00 1.178097245096172418e+00 1.383000000000000007e+01
5.990000000000000000e+02 2.193622912206899311e+00 1.374446785945534488e+00 1.389000000000000057e+01
6.000000000000000000e+02 2.193622912206899311e+00 1.570796326794896558e+00 1.414000000000000057e+01
6.010000000000000000e+02 2.193622912206899311e+00 1.767145867644258406e+00 1.427999999999999936e+01
6.020000000000000000e+02 2.193622912206899311e+00 1.963495408493620475e+00 1.403999999999999915e+01
6.030000000000000000e+02 2.193622912206899311e+00 2.159844949342982545e+00 1.411999999999999922e+01
6.040000000000000000e+02 2.193622912206899311e+00 2.356194490192344837e+00 1.394999999999999929e+01
6.050000000000000000e+02 2.193622912206899311e+00 2.552544031041707129e+00 1.415000000000000036e+01
6.060000000000000000e+02 2.193622912206899311e+00 2.748893571891068976e+00 1.408999999999999986e+01
6.070000000000000000e+02 2.193622912206899311e+00 2.945243112740430380e+00 1.400000000000000000e+01
6.080000000000000000e+02 2.193622912206899311e+00 3.141592653589793116e+00 1.397000000000000064e+01
6.090000000000000000e+02 2.193622912206899311e+00 3.337942194439155408e+00 1.393999999999999950e+01
6.100000000000000000e+02 2.193622912206899311e+00 3.534291735288516811e+00 1.415000000000000036e+01
6.110000000000000000e+02 2.193622912206899311e+00 3.730641276137879103e+00 1.422000000000000064e+01
6.120000000000000000e+02 2.193622912206899311e+00 3.926990816987240951e+00 1.411999999999999922e+01
6.130000000000000000e+02 2.193622912206899311e+00 4.123340357836603687e+00 1.371000000000000085e+01
6.140000000000000000e+02 2.193622912206899311e+00 4.319689898685965090e+00 1.398000000000000043e+01
6.150000000000000000e+02 2.193622912206899311e+00 4.516039439535327382e+00 1.380000000000000071e+01
6.160000000000000000e+02 2.193622912206899311e+00 4.712388980384689674e+00 1.391999999999999993e+01
6.170000000000000000e+02 2.193622912206899311e+00 4.908738521234051078e+00 1.391000000000000014e+01
6.180000000000000000e+02 2.193622912206899311e+00 5.105088062083414258e+00 1.385999999999999943e+01
6.190000000000000000e+02 2.193622912206899311e+00 5.301437602932775661e+00 1.400999999999999979e+01
6.200000000000000000e+02 2.193622912206899311e+00 5.497787143782137953e+00 1.391999999999999993e+01
6.210000000000000000e+02 2.193622912206899311e+00 5.694136684631499357e+00 1.384999999999999964e+01
6.220000000000000000e+02 2.193622912206899311e+00 5.890486225480860760e+00 1.388000000000000078e+01
6.230000000000000000e+02 2.193622912206899311e+00 6.086835766330223052e+00 1.415000000000000036e+01
6.240000000000000000e+02 2.300523983021863117e+00 9.817477042468103487e-02 1.425999999999999979e+01
6.250000000000000000e+02 2.300523983021863117e+00 2.945243112740431046e-01 1.397000000000000064e+01
6.260000000000000000e+02 2.300523983021863117e+00 4.908738521234051189e-01 1.403999999999999915e+01
6.270000000000000000e+02 2.300523983021863117e+00 6.872233929727672441e-01 1.391000000000000014e+01
6.280000000000000000e+02 2.300523983021863117e+00 8.835729338221292029e-01 1.401999999999999957e+01
6.290000000000000000e+02 2.300523983021863117e+00 1.079922474671491273e+00 1.392999999999999972e+01
6.300000000000000000e+02 2.300523983021863117e+00 1.276272015520853564e+00 1.380000000000000071e+01
6.310000000000000000e+02 2.300523983021863117e+00 1.472621556370215190e+00 1.413000000000000078e+01
6.320000000000000000e+02 2.300523983021863117e+00 1.668971097219577704e+00 1.435999999999999943e+01
6.330000000000000000e+02 2.300523983021863117e+00 1.865320638068939552e+00 1.382000000000000028e+01
6.340000000000000000e+02 2.300523983021863117e+00 2.061670178918301843e+00 1.382000000000000028e+01
6.350000000000000000e+02 2.300523983021863117e+00 2.258019719767663691e+00 1.403999999999999915e+01
6.360000000000000000e+02 2.300523983021863117e+00 2.454369260617025539e+00 1.398000000000000043e+01
6.370000000000000000e+02 2.300523983021863117e+00 2.650718801466387831e+00 1.409999999999999964e+01
6.380000000000000000e+02 2.300523983021863117e+00 2.847068342315749678e+00 1.421000000000000085e+01
6.390000000000000000e+02 2.300523983021863117e+00 3.043417883165111526e+00 1.411999999999999922e+01
6.400000000000000000e+02 2.300523983021863117e+00 3.239767424014474262e+00 1.416000000000000014e+01
6.410000000000000000e+02 2.300523983021863117e+00 3.436116964863836110e+00 1.394999999999999929e+01
6.420000000000000000e+02 2.300523983021863117e+00 3.632466505713198401e+00 1.400000000000000000e+01
6.430000000000000000e+02 2.300523983021863117e+00 3.828816046562560249e+00 1.359999999999999964e+01
6.440000000000000000e+02 2.300523983021863117e+00 4.025165587411921209e+00 1.383000000000000007e+01
6.450000000000000000e+02 2.300523983021863117e+00 4.221515128261284389e+00 1.399000000000000021e+01
6.460000000000000000e+02 2.300523983021863117e+00 4.417864669110646680e+00 1.416999999999999993e+01
6.470000000000000000e+02 2.300523983021863117e+00 4.614214209960008972e+00 1.410999999999999943e+01
6.480000000000000000e+02 2.300523983021863117e+00 4.810563750809370376e+00 1.400000000000000000e+01
6.490000000000000000e+02 2.300523983021863117e+00 5.006913291658731779e+00 1.383999999999999986e+01
6.500000000000000000e+02 2.300523983021863117e+00 5.203262832508094959e+00 1.374000000000000021e+01
6.510000000000000000e+02 2.300523983021863117e+00 5.399612373357457251e+00 1.363000000000000078e+01
6.520000000000000000e+02 2.300523983021863117e+00 5.595961914206818655e+00 1.407000000000000028e+01
6.530000000000000000e+02 2.300523983021863117e+00 5.792311455056180947e+00 1.383000000000000007e+01
6.540000000000000000e+02 2.300523983021863117e+00 5.988660995905542350e+00 1.425999999999999979e+01
6.550000000000000000e+02 2.300523983021863117e+00 6.185010536754905530e+00 1.415000000000000036e+01
6.560000000000000000e+02 2.411018908693240981e+00 1.121997376282068970e-01 1.381000000000000050e+01
6.570000000000000000e+02 2.411018908693240981e+00 3.365992128846206910e-01 1.384999999999999964e+01
6.580000000000000000e+02 2.411018908693240981e+00 5.609986881410344850e-01 1.385999999999999943e+01
6.590000000000000000e+02 2.411018908693240981e+00 7.853981633974482790e-01 1.386999999999999922e+01
6.600000000000000000e+02 2.411018908693240981e+00 1.009797638653862073e+00 1.375000000000000000e+01
6.610000000000000000e+02 2.411018908693240981e+00 1.234197113910275645e+00 1.396000000000000085e+01
6.620000000000000000e+02 2.411018908693240981e+00 1.458596589166689883e+00 1.425000000000000000e+01
6.630000000000000000e+02 2.411018908693240981e+00 1.682996064423103233e+00 1.408999999999999986e+01
6.640000000000000000e+02 2.411018908693240981e+00 1.907395539679517471e+00 1.375999999999999979e+01
6.650000000000000000e+02 2.411018908693240981e+00 2.131795014935931043e+00 1.384999999999999964e+01
6.660000000000000000e+02 2.411018908693240981e+00 2.356194490192344837e+00 1.417999999999999972e+01
6.670000000000000000e+02 2.411018908693240981e+00 2.580593965448758631e+00 1.403999999999999915e+01
6.680000000000000000e+02 2.411018908693240981e+00 2.804993440705172425e+00 1.390000000000000036e+01
6.690000000000000000e+02 2.411018908693240981e+00 3.029392915961586219e+00 1.410999999999999943e+01
6.700000000000000000e+02 2.411018908693240981e+00 3.253792391218000013e+00 1.403999999999999915e+01
6.710000000000000000e+02 2.411018908693240981e+00 3.478191866474413807e+00 1.372000000000000064e+01
6.720000000000000000e+02 2.411018908693240981e+00 3.702591341730827601e+00 1.381000000000000050e+01
6.730000000000000000e+02 2.411018908693240981e+00 3.926990816987241395e+00 1.341000000000000014e+01
6.740000000000000000e+02 2.411018908693240981e+00 4.151390292243655189e+00 1.376999999999999957e+01
6.750000000000000000e+02 2.411018908693240981e+00 4.375789767500068983e+00 1.381000000000000050e+01
6.760000000000000000e+02 2.411018908693240981e+00 4.600189242756482777e+00 1.421000000000000085e+01
6.770000000000000000e+02 2.411018908693240981e+00 4.824588718012896571e+00 1.365000000000000036e+01
6.780000000000000000e+02 2.411018908693240981e+00 5.048988193269310365e+00 1.353999999999999915e+01
6.790000000000000000e+02 2.411018908693240981e+00 5.273387668525724159e+00 1.380000000000000071e+01
6.800000000000000000e+02 2.411018908693240981e+00 5.497787143782137953e+00 1.371000000000000085e+01
6.810000000000000000e+02 2.411018908693240981e+00 5.722186619038551747e+00 1.389000000000000057e+01
6.820000000000000000e+02 2.411018908693240981e+00 5.946586094294965541e+00 1.406000000000000050e+01
6.830000000000000000e+02 2.411018908693240981e+00 6.170985569551379335e+00 1.383000000000000007e+01
6.840000000000000000e+02 2.519224165034772422e+00 1.308996938995747039e-01 1.375999999999999979e+01
6.850000000000000000e+02 2.519224165034772422e+00 3.926990816987241395e-01 1.380000000000000071e+01
6.860000000000000000e+02 2.519224165034772422e+00 6.544984694978736028e-01 1.378999999999999915e+01
6.870000000000000000e+02 2.519224165034772422e+00 9.162978572970229552e-01 1.360999999999999943e+01
6.880000000000000000e+02 2.519224165034772422e+00 1.178097245096172418e+00 1.365000000000000036e+01
6.890000000000000000e+02 2.519224165034772422e+00 1.439896632895321771e+00 1.391000000000000014e+01
6.900000000000000000e+02 2.519224165034772422e+00 1.701696020694471345e+00 1.403999999999999915e+01
6.910000000000000000e+02 2.519224165034772422e+00 1.963495408493620475e+00 1.400000000000000000e+01
6.920000000000000000e+02 2.519224165034772422e+00 2.225294796292770272e+00 1.389000000000000057e+01
6.930000000000000000e+02 2.519224165034772422e+00 2.487094184091919402e+00 1.382000000000000028e+01
6.940000000000000000e+02 2.519224165034772422e+00 2.748893571891068976e+00 1.394999999999999929e+01
6.950000000000000000e+02 2.519224165034772422e+00 3.010692959690218107e+00 1.406000000000000050e+01
6.960000000000000000e+02 2.519224165034772422e+00 3.272492347489368125e+00 1.400000000000000000e+01
6.970000000000000000e+02 2.519224165034772422e+00 3.534291735288517255e+00 1.396000000000000085e+01
6.980000000000000000e+02 2.519224165034772422e+00 3.796091123087666830e+00 1.382000000000000028e+01
6.990000000000000000e+02 2.519224165034772422e+00 4.057890510886815960e+00 1.363000000000000078e+01
7.000000000000000000e+02 2.519224165034772422e+00 4.319689898685965979e+00 1.367999999999999972e+01
7.010000000000000000e+02 2.519224165034772422e+00 4.581489286485115109e+00 1.366000000000000014e+01
7.020000000000000000e+02 2.519224165034772422e+00 4.843288674284264239e+00 1.384999999999999964e+01
7.030000000000000000e+02 2.519224165034772422e+00 5.105088062083413369e+00 1.375000000000000000e+01
7.040000000000000000e+02 2.519224165034772422e+00 5.366887449882562500e+00 1.366000000000000014e+01
7.050000000000000000e+02 2.519224165034772422e+00 5.628686837681712518e+00 1.366000000000000014e+01
7.060000000000000000e+02 2.519224165034772422e+00 5.890486225480862537e+00 1.386999999999999922e+01
7.070000000000000000e+02 2.519224165034772422e+00 6.152285613280011667e+00 1.377999999999999936e+01
7.080000000000000000e+02 2.625576266234472822e+00 1.570796326794896558e-01 1.375999999999999979e+01
7.090000000000000000e+02 2.625576266234472822e+00 4.712388980384689674e-01 1.397000000000000064e+01
7.100000000000000000e+02 2.625576266234472822e+00 7.853981633974482790e-01 1.360999999999999943e+01
7.110000000000000000e+02 2.625576266234472822e+00 1.099557428756427591e+00 1.367999999999999972e+01
7.120000000000000000e+02 2.625576266234472822e+00 1.413716694115406902e+00 1.380000000000000071e+01
7.130000000000000000e+02 2.625576266234472822e+00 1.727875959474385992e+00 1.393999999999999950e+01
7.140000000000000000e+02 2.625576266234472822e+00 2.042035224833365525e+00 1.401999999999999957e+01
7.150000000000000000e+02 2.625576266234472822e+00 2.356194490192344837e+00 1.427999999999999936e+01
7.160000000000000000e+02 2.625576266234472822e+00 2.670353755551324149e+00 1.405000000000000071e+01
7.170000000000000000e+02 2.625576266234472822e+00 2.984513020910303460e+00 1.407000000000000028e+01
7.180000000000000000e+02 2.625576266234472822e+00 3.298672286269282772e+00 1.390000000000000036e+01
7.190000000000000000e+02 2.625576266234472822e+00 3.612831551628262083e+00 1.367999999999999972e+01
7.200000000000000000e+02 2.625576266234472822e+00 3.926990816987241395e+00 1.363000000000000078e+01
7.210000000000000000e+02 2.625576266234472822e+00 4.241150082346220707e+00 1.359999999999999964e+01
7.220000000000000000e+02 2.625576266234472822e+00 4.555309347705200018e+00 1.341000000000000014e+01
7.230000000000000000e+02 2.625576266234472822e+00 4.869468613064179330e+00 1.388000000000000078e+01
7.240000000000000000e+02 2.625576266234472822e+00 5.183627878423158641e+00 1.381000000000000050e+01
7.250000000000000000e+02 2.625576266234472822e+00 5.497787143782137953e+00 1.394999999999999929e+01
7.260000000000000000e+02 2.625576266234472822e+00 5.811946409141117265e+00 1.371000000000000085e+01
7.270000000000000000e+02 2.625576266234472822e+00 6.126105674500096576e+00 1.389000000000000057e+01
7.280000000000000000e+02 2.730454791267445280e+00 1.963495408493620697e-01 1.378999999999999915e+01
7.290000000000000000e+02 2.730454791267445280e+00 5.890486225480862092e-01 1.363000000000000078e+01
7.300000000000000000e+02 2.730454791267445280e+00 9.817477042468103487e-01 1.332000000000000028e+01
7.310000000000000000e+02 2.730454791267445280e+00 1.374446785945534488e+00 1.349000000000000021e+01
7.320000000000000000e+02 2.730454791267445280e+00 1.767145867644258628e+00 1.383999999999999986e+01
7.330000000000000000e+02 2.730454791267445280e+00 2.159844949342982545e+00 1.424000000000000021e+01
7.340000000000000000e+02 2.730454791267445280e+00 2.552544031041707129e+00 1.411999999999999922e+01
7.350000000000000000e+02 2.730454791267445280e+00 2.945243112740430824e+00 1.408999999999999986e+01
7.360000000000000000e+02 2.730454791267445280e+00 3.337942194439155408e+00 1.388000000000000078e+01
7.370000000000000000e+02 2.730454791267445280e+00 3.730641276137879103e+00 1.377999999999999936e+01
7.380000000000000000e+02 2.730454791267445280e+00 4.123340357836603687e+00 1.355000000000000071e+01
7.390000000000000000e+02 2.730454791267445280e+00 4.516039439535327382e+00 1.349000000000000021e+01
7.400000000000000000e+02 2.730454791267445280e+00 4.908738521234051966e+00 1.372000000000000064e+01
7.410000000000000000e+02 2.730454791267445280e+00 5.301437602932775661e+00 1.394999999999999929e+01
7.420000000000000000e+02 2.730454791267445280e+00 5.694136684631500245e+00 1.392999999999999972e+01
7.430000000000000000e+02 2.730454791267445280e+00 6.086835766330223940e+00 1.394999999999999929e+01
7.440000000000000000e+02 2.834197602505289737e+00 2.617993877991494078e-01 1.407000000000000028e+01
7.450000000000000000e+02 2.834197602505289737e+00 7.853981633974482790e-01 1.390000000000000036e+01
7.460000000000000000e+02 2.834197602505289737e+00 1.308996938995747206e+00 1.369999999999999929e+01
7.470000000000000000e+02 2.834197602505289737e+00 1.832595714594045910e+00 1.397000000000000064e+01
7.480000000000000000e+02 2.834197602505289737e+00 2.356194490192344837e+00 1.409999999999999964e+01
7.490000000000000000e+02 2.834197602505289737e+00 2.879793265790643542e+00 1.411999999999999922e+01
7.500000000000000000e+02 2.834197602505289737e+00 3.403392041388942690e+00 1.378999999999999915e+01
7.510000000000000000e+02 2.834197602505289737e+00 3.926990816987240951e+00 1.350999999999999979e+01
7.520000000000000000e+02 2.834197602505289737e+00 4.450589592585540544e+00 1.369999999999999929e+01
7.530000000000000000e+02 2.834197602505289737e+00 4.974188368183838804e+00 1.396000000000000085e+01
7.540000000000000000e+02 2.834197602505289737e+00 5.497787143782137953e+00 1.374000000000000021e+01
7.550000000000000000e+02 2.834197602505289737e+00 6.021385919380436214e+00 1.430000000000000071e+01
7.560000000000000000e+02 2.937112454621258362e+00 3.926990816987241395e-01 1.413000000000000078e+01
7.570000000000000000e+02 2.937112454621258362e+00 1.178097245096172418e+00 1.373000000000000043e+01
7.580000000000000000e+02 2.937112454621258362e+00 1.963495408493620697e+00 1.380000000000000071e+01
7.590000000000000000e+02 2.937112454621258362e+00 2.748893571891068976e+00 1.421000000000000085e+01
7.600000000000000000e+02 2.937112454621258362e+00 3.534291735288517255e+00 1.369999999999999929e+01
7.610000000000000000e+02 2.937112454621258362e+00 4.319689898685965090e+00 1.389000000000000057e+01
7.620000000000000000e+02 2.937112454621258362e+00 5.105088062083414258e+00 1.386999999999999922e+01
7.630000000000000000e+02 2.937112454621258362e+00 5.890486225480861648e+00 1.399000000000000021e+01
7.640000000000000000e+02 3.039486231207189082e+00 7.853981633974482790e-01 1.359999999999999964e+01
7.650000000000000000e+02 3.039486231207189082e+00 2.356194490192344837e+00 1.385999999999999943e+01
7.660000000000000000e+02 3.039486231207189082e+00 3.926990816987241395e+00 1.378999999999999915e+01
7.670000000000000000e+02 3.039486231207189082e+00 5.497787143782137953e+00 1.378999999999999915e+01
