0.000000000000000000e+00 8.410686705679303321e-01 7.853981633974482790e-01 2.620000000000000107e+00
1.000000000000000000e+00 8.410686705679303321e-01 2.356194490192344837e+00 3.390000000000000124e+00
2.000000000000000000e+00 8.410686705679303321e-01 3.926990816987240951e+00 2.990000000000000213e+00
3.000000000000000000e+00 8.410686705679303321e-01 5.497787143782137953e+00 3.580000000000000071e+00
4.000000000000000000e+00 1.570796326794896558e+00 0.000000000000000000e+00 2.200000000000000178e+00
5.000000000000000000e+00 1.570796326794896558e+00 1.570796326794896558e+00 2.819999999999999840e+00
6.000000000000000000e+00 1.570796326794896558e+00 3.141592653589793116e+00 2.750000000000000000e+00
7.000000000000000000e+00 1.570796326794896558e+00 4.712388980384689674e+00 3.279999999999999805e+00
8.000000000000000000e+00 2.300523983021863117e+00 7.853981633974482790e-01 2.700000000000000178e+00
9.000000000000000000e+00 2.300523983021863117e+00 2.356194490192344837e+00 3.109999999999999876e+00
1.000000000000000000e+01 2.300523983021863117e+00 3.926990816987240951e+00 3.450000000000000178e+00
1.100000000000000000e+01 2.300523983021863117e+00 5.497787143782137953e+00 3.109999999999999876e+00
