0.000000000000000000e+00 8.410686705679303321e-01 7.853981633974482790e-01 4.889999999999999680e+00
1.000000000000000000e+00 8.410686705679303321e-01 2.356194490192344837e+00 4.730000000000000426e+00
2.000000000000000000e+00 8.410686705679303321e-01 3.926990816987240951e+00 4.669999999999999929e+00
3.000000000000000000e+00 8.410686705679303321e-01 5.497787143782137953e+00 4.570000000000000284e+00
4.000000000000000000e+00 1.570796326794896558e+00 0.000000000000000000e+00 4.780000000000000249e+00
5.000000000000000000e+00 1.570796326794896558e+00 1.570796326794896558e+00 4.650000000000000355e+00
6.000000000000000000e+00 1.570796326794896558e+00 3.141592653589793116e+00 4.900000000000000355e+00
7.000000000000000000e+00 1.570796326794896558e+00 4.712388980384689674e+00 4.469999999999999751e+00
8.000000000000000000e+00 2.300523983021863117e+00 7.853981633974482790e-01 4.669999999999999929e+00
9.000000000000000000e+00 2.300523983021863117e+00 2.356194490192344837e+00 4.730000000000000426e+00
1.000000000000000000e+01 2.300523983021863117e+00 3.926990816987240951e+00 4.769999999999999574e+00
1.100000000000000000e+01 2.300523983021863117e+00 5.497787143782137953e+00 4.780000000000000249e+00
