0.000000000000000000e+00 8.410686705679303321e-01 7.853981633974482790e-01 5.679999999999999716e+00
1.000000000000000000e+00 8.410686705679303321e-01 2.356194490192344837e+00 5.769999999999999574e+00
2.000000000000000000e+00 8.410686705679303321e-01 3.926990816987240951e+00 5.820000000000000284e+00
3.000000000000000000e+00 8.410686705679303321e-01 5.497787143782137953e+00 5.629999999999999893e+00
4.000000000000000000e+00 1.570796326794896558e+00 0.000000000000000000e+00 5.790000000000000036e+00
5.000000000000000000e+00 1.570796326794896558e+00 1.570796326794896558e+00 5.679999999999999716e+00
6.000000000000000000e+00 1.570796326794896558e+00 3.141592653589793116e+00 5.790000000000000036e+00
7.000000000000000000e+00 1.570796326794896558e+00 4.712388980384689674e+00 5.570000000000000284e+00
8.000000000000000000e+00 2.300523983021863117e+00 7.853981633974482790e-01 5.700000000000000178e+00
9.000000000000000000e+00 2.300523983021863117e+00 2.356194490192344837e+00 5.679999999999999716e+00
1.000000000000000000e+01 2.300523983021863117e+00 3.926990816987240951e+00 5.580000000000000071e+00
1.100000000000000000e+01 2.300523983021863117e+00 5.497787143782137953e+00 5.790000000000000036e+00
