0.000000000000000000e+00 4.111378623223477802e-01 7.853981633974482790e-01 3.600000000000000089e+00
1.000000000000000000e+00 4.111378623223477802e-01 2.356194490192344837e+00 3.799999999999999822e+00
2.000000000000000000e+00 4.111378623223477802e-01 3.926990816987241395e+00 3.729999999999999982e+00
3.000000000000000000e+00 4.111378623223477802e-01 5.497787143782137953e+00 3.450000000000000178e+00
4.000000000000000000e+00 8.410686705679303321e-01 3.926990816987241395e-01 3.759999999999999787e+00
5.000000000000000000e+00 8.410686705679303321e-01 1.178097245096172418e+00 3.740000000000000213e+00
6.000000000000000000e+00 8.410686705679303321e-01 1.963495408493620475e+00 3.830000000000000071e+00
7.000000000000000000e+00 8.410686705679303321e-01 2.748893571891068976e+00 3.839999999999999858e+00
8.000000000000000000e+00 8.410686705679303321e-01 3.534291735288516811e+00 3.870000000000000107e+00
9.000000000000000000e+00 8.410686705679303321e-01 4.319689898685965090e+00 3.899999999999999911e+00
1.000000000000000000e+01 8.410686705679303321e-01 5.105088062083414258e+00 3.569999999999999840e+00
1.100000000000000000e+01 8.410686705679303321e-01 5.890486225480860760e+00 3.680000000000000160e+00
1.200000000000000000e+01 1.230959417340774742e+00 0.000000000000000000e+00 3.879999999999999893e+00
1.300000000000000000e+01 1.230959417340774742e+00 7.853981633974482790e-01 3.830000000000000071e+00
1.400000000000000000e+01 1.230959417340774742e+00 1.570796326794896558e+00 3.629999999999999893e+00
1.500000000000000000e+01 1.230959417340774742e+00 2.356194490192344837e+00 3.779999999999999805e+00
1.600000000000000000e+01 1.230959417340774742e+00 3.141592653589793116e+00 3.810000000000000053e+00
1.700000000000000000e+01 1.230959417340774742e+00 3.926990816987240951e+00 3.950000000000000178e+00
1.800000000000000000e+01 1.230959417340774742e+00 4.712388980384689674e+00 3.669999999999999929e+00
1.900000000000000000e+01 1.230959417340774742e+00 5.497787143782137953e+00 3.689999999999999947e+00
2.000000000000000000e+01 1.570796326794896558e+00 3.926990816987241395e-01 3.810000000000000053e+00
2.100000000000000000e+01 1.570796326794896558e+00 1.178097245096172418e+00 3.870000000000000107e+00
2.200000000000000000e+01 1.570796326794896558e+00 1.963495408493620475e+00 3.589999999999999858e+00
2.300000000000000000e+01 1.570796326794896558e+00 2.748893571891068976e+00 3.879999999999999893e+00
2.400000000000000000e+01 1.570796326794896558e+00 3.534291735288516811e+00 3.790000000000000036e+00
2.500000000000000000e+01 1.570796326794896558e+00 4.319689898685965090e+00 3.810000000000000053e+00
2.600000000000000000e+01 1.570796326794896558e+00 5.105088062083414258e+00 3.479999999999999982e+00
2.700000000000000000e+01 1.570796326794896558e+00 5.890486225480860760e+00 3.740000000000000213e+00
2.800000000000000000e+01 1.910633236249018596e+00 0.000000000000000000e+00 3.669999999999999929e+00
2.900000000000000000e+01 1.910633236249018596e+00 7.853981633974482790e-01 3.709999999999999964e+00
3.000000000000000000e+01 1.910633236249018596e+00 1.570796326794896558e+00 3.729999999999999982e+00
3.100000000000000000e+01 1.910633236249018596e+00 2.356194490192344837e+00 3.660000000000000142e+00
3.200000000000000000e+01 1.910633236249018596e+00 3.141592653589793116e+00 3.709999999999999964e+00
3.300000000000000000e+01 1.910633236249018596e+00 3.926990816987240951e+00 3.720000000000000195e+00
3.400000000000000000e+01 1.910633236249018596e+00 4.712388980384689674e+00 3.220000000000000195e+00
3.500000000000000000e+01 1.910633236249018596e+00 5.497787143782137953e+00 3.830000000000000071e+00
3.600000000000000000e+01 2.300523983021863117e+00 3.926990816987241395e-01 3.709999999999999964e+00
3.700000000000000000e+01 2.300523983021863117e+00 1.178097245096172418e+00 3.600000000000000089e+00
3.800000000000000000e+01 2.300523983021863117e+00 1.963495408493620475e+00 3.770000000000000018e+00
3.900000000000000000e+01 2.300523983021863117e+00 2.748893571891068976e+00 3.680000000000000160e+00
4.000000000000000000e+01 2.300523983021863117e+00 3.534291735288516811e+00 3.870000000000000107e+00
4.100000000000000000e+01 2.300523983021863117e+00 4.319689898685965090e+00 3.370000000000000107e+00
4.200000000000000000e+01 2.300523983021863117e+00 5.105088062083414258e+00 3.720000000000000195e+00
4.300000000000000000e+01 2.300523983021863117e+00 5.890486225480860760e+00 3.700000000000000178e+00
4.400000000000000000e+01 2.730454791267445280e+00 7.853981633974482790e-01 3.640000000000000124e+00
4.500000000000000000e+01 2.730454791267445280e+00 2.356194490192344837e+00 3.580000000000000071e+00
4.600000000000000000e+01 2.730454791267445280e+00 3.926990816987241395e+00 3.459999999999999964e+00
4.700000000000000000e+01 2.730454791267445280e+00 5.497787143782137953e+00 3.740000000000000213e+00
