0.000000000000000000e+00 4.111378623223477802e-01 7.853981633974482790e-01 1.290000000000000036e+00
1.000000000000000000e+00 4.111378623223477802e-01 2.356194490192344837e+00 1.370000000000000107e+00
2.000000000000000000e+00 4.111378623223477802e-01 3.926990816987241395e+00 9.799999999999999822e-01
3.000000000000000000e+00 4.111378623223477802e-01 5.497787143782137953e+00 1.000000000000000000e+00
4.000000000000000000e+00 8.410686705679303321e-01 3.926990816987241395e-01 1.100000000000000006e-01
5.000000000000000000e+00 8.410686705679303321e-01 1.178097245096172418e+00 1.300000000000000044e+00
6.000000000000000000e+00 8.410686705679303321e-01 1.963495408493620475e+00 6.999999999999999556e-01
7.000000000000000000e+00 8.410686705679303321e-01 2.748893571891068976e+00 1.550000000000000044e+00
8.000000000000000000e+00 8.410686705679303321e-01 3.534291735288516811e+00 1.459999999999999964e+00
9.000000000000000000e+00 8.410686705679303321e-01 4.319689898685965090e+00 3.099999999999999978e-01
1.000000000000000000e+01 8.410686705679303321e-01 5.105088062083414258e+00 1.199999999999999956e-01
1.100000000000000000e+01 8.410686705679303321e-01 5.890486225480860760e+00 7.800000000000000266e-01
1.200000000000000000e+01 1.230959417340774742e+00 0.000000000000000000e+00 8.699999999999999956e-01
1.300000000000000000e+01 1.230959417340774742e+00 7.853981633974482790e-01 6.800000000000000488e-01
1.400000000000000000e+01 1.230959417340774742e+00 1.570796326794896558e+00 3.599999999999999867e-01
1.500000000000000000e+01 1.230959417340774742e+00 2.356194490192344837e+00 1.060000000000000053e+00
1.600000000000000000e+01 1.230959417340774742e+00 3.141592653589793116e+00 1.639999999999999902e+00
1.700000000000000000e+01 1.230959417340774742e+00 3.926990816987240951e+00 1.199999999999999956e+00
1.800000000000000000e+01 1.230959417340774742e+00 4.712388980384689674e+00 1.199999999999999956e-01
1.900000000000000000e+01 1.230959417340774742e+00 5.497787143782137953e+00 3.900000000000000133e-01
2.000000000000000000e+01 1.570796326794896558e+00 3.926990816987241395e-01 1.129999999999999893e+00
2.100000000000000000e+01 1.570796326794896558e+00 1.178097245096172418e+00 6.199999999999999956e-01
2.200000000000000000e+01 1.570796326794896558e+00 1.963495408493620475e+00 9.399999999999999467e-01
2.300000000000000000e+01 1.570796326794896558e+00 2.748893571891068976e+00 1.209999999999999964e+00
2.400000000000000000e+01 1.570796326794896558e+00 3.534291735288516811e+00 1.520000000000000018e+00
2.500000000000000000e+01 1.570796326794896558e+00 4.319689898685965090e+00 7.099999999999999645e-01
2.600000000000000000e+01 1.570796326794896558e+00 5.105088062083414258e+00 6.300000000000000044e-01
2.700000000000000000e+01 1.570796326794896558e+00 5.890486225480860760e+00 2.300000000000000100e-01
2.800000000000000000e+01 1.910633236249018596e+00 0.000000000000000000e+00 9.200000000000000400e-01
2.900000000000000000e+01 1.910633236249018596e+00 7.853981633974482790e-01 1.610000000000000098e+00
3.000000000000000000e+01 1.910633236249018596e+00 1.570796326794896558e+00 1.320000000000000062e+00
3.100000000000000000e+01 1.910633236249018596e+00 2.356194490192344837e+00 1.399999999999999911e+00
3.200000000000000000e+01 1.910633236249018596e+00 3.141592653589793116e+00 1.370000000000000107e+00
3.300000000000000000e+01 1.910633236249018596e+00 3.926990816987240951e+00 1.239999999999999991e+00
3.400000000000000000e+01 1.910633236249018596e+00 4.712388980384689674e+00 8.399999999999999689e-01
3.500000000000000000e+01 1.910633236249018596e+00 5.497787143782137953e+00 2.600000000000000089e-01
3.600000000000000000e+01 2.300523983021863117e+00 3.926990816987241395e-01 5.100000000000000089e-01
3.700000000000000000e+01 2.300523983021863117e+00 1.178097245096172418e+00 1.689999999999999947e+00
3.800000000000000000e+01 2.300523983021863117e+00 1.963495408493620475e+00 8.299999999999999600e-01
3.900000000000000000e+01 2.300523983021863117e+00 2.748893571891068976e+00 8.699999999999999956e-01
4.000000000000000000e+01 2.300523983021863117e+00 3.534291735288516811e+00 1.479999999999999982e+00
4.100000000000000000e+01 2.300523983021863117e+00 4.319689898685965090e+00 7.299999999999999822e-01
4.200000000000000000e+01 2.300523983021863117e+00 5.105088062083414258e+00 8.999999999999999667e-02
4.300000000000000000e+01 2.300523983021863117e+00 5.890486225480860760e+00 1.340000000000000080e+00
4.400000000000000000e+01 2.730454791267445280e+00 7.853981633974482790e-01 7.299999999999999822e-01
4.500000000000000000e+01 2.730454791267445280e+00 2.356194490192344837e+00 1.229999999999999982e+00
4.600000000000000000e+01 2.730454791267445280e+00 3.926990816987241395e+00 6.099999999999999867e-01
4.700000000000000000e+01 2.730454791267445280e+00 5.497787143782137953e+00 1.010000000000000009e+00
