0.000000000000000000e+00 4.111378623223477802e-01 7.853981633974482790e-01 1.860000000000000098e+00
1.000000000000000000e+00 4.111378623223477802e-01 2.356194490192344837e+00 1.979999999999999982e+00
2.000000000000000000e+00 4.111378623223477802e-01 3.926990816987241395e+00 1.850000000000000089e+00
3.000000000000000000e+00 4.111378623223477802e-01 5.497787143782137953e+00 1.550000000000000044e+00
4.000000000000000000e+00 8.410686705679303321e-01 3.926990816987241395e-01 1.270000000000000018e+00
5.000000000000000000e+00 8.410686705679303321e-01 1.178097245096172418e+00 1.959999999999999964e+00
6.000000000000000000e+00 8.410686705679303321e-01 1.963495408493620475e+00 1.290000000000000036e+00
7.000000000000000000e+00 8.410686705679303321e-01 2.748893571891068976e+00 1.969999999999999973e+00
8.000000000000000000e+00 8.410686705679303321e-01 3.534291735288516811e+00 2.000000000000000000e+00
9.000000000000000000e+00 8.410686705679303321e-01 4.319689898685965090e+00 1.459999999999999964e+00
1.000000000000000000e+01 8.410686705679303321e-01 5.105088062083414258e+00 1.010000000000000009e+00
1.100000000000000000e+01 8.410686705679303321e-01 5.890486225480860760e+00 1.229999999999999982e+00
1.200000000000000000e+01 1.230959417340774742e+00 0.000000000000000000e+00 1.449999999999999956e+00
1.300000000000000000e+01 1.230959417340774742e+00 7.853981633974482790e-01 1.580000000000000071e+00
1.400000000000000000e+01 1.230959417340774742e+00 1.570796326794896558e+00 1.399999999999999911e+00
1.500000000000000000e+01 1.230959417340774742e+00 2.356194490192344837e+00 1.750000000000000000e+00
1.600000000000000000e+01 1.230959417340774742e+00 3.141592653589793116e+00 2.100000000000000089e+00
1.700000000000000000e+01 1.230959417340774742e+00 3.926990816987240951e+00 1.439999999999999947e+00
1.800000000000000000e+01 1.230959417340774742e+00 4.712388980384689674e+00 1.570000000000000062e+00
1.900000000000000000e+01 1.230959417340774742e+00 5.497787143782137953e+00 1.340000000000000080e+00
2.000000000000000000e+01 1.570796326794896558e+00 3.926990816987241395e-01 1.620000000000000107e+00
2.100000000000000000e+01 1.570796326794896558e+00 1.178097245096172418e+00 1.699999999999999956e+00
2.200000000000000000e+01 1.570796326794896558e+00 1.963495408493620475e+00 1.459999999999999964e+00
2.300000000000000000e+01 1.570796326794896558e+00 2.748893571891068976e+00 1.750000000000000000e+00
2.400000000000000000e+01 1.570796326794896558e+00 3.534291735288516811e+00 2.069999999999999840e+00
2.500000000000000000e+01 1.570796326794896558e+00 4.319689898685965090e+00 1.320000000000000062e+00
2.600000000000000000e+01 1.570796326794896558e+00 5.105088062083414258e+00 1.340000000000000080e+00
2.700000000000000000e+01 1.570796326794896558e+00 5.890486225480860760e+00 1.500000000000000000e+00
2.800000000000000000e+01 1.910633236249018596e+00 0.000000000000000000e+00 1.209999999999999964e+00
2.900000000000000000e+01 1.910633236249018596e+00 7.853981633974482790e-01 1.850000000000000089e+00
3.000000000000000000e+01 1.910633236249018596e+00 1.570796326794896558e+00 1.810000000000000053e+00
3.100000000000000000e+01 1.910633236249018596e+00 2.356194490192344837e+00 1.979999999999999982e+00
3.200000000000000000e+01 1.910633236249018596e+00 3.141592653589793116e+00 2.009999999999999787e+00
3.300000000000000000e+01 1.910633236249018596e+00 3.926990816987240951e+00 1.770000000000000018e+00
3.400000000000000000e+01 1.910633236249018596e+00 4.712388980384689674e+00 1.010000000000000009e+00
3.500000000000000000e+01 1.910633236249018596e+00 5.497787143782137953e+00 1.409999999999999920e+00
3.600000000000000000e+01 2.300523983021863117e+00 3.926990816987241395e-01 1.219999999999999973e+00
3.700000000000000000e+01 2.300523983021863117e+00 1.178097245096172418e+00 1.850000000000000089e+00
3.800000000000000000e+01 2.300523983021863117e+00 1.963495408493620475e+00 1.760000000000000009e+00
3.900000000000000000e+01 2.300523983021863117e+00 2.748893571891068976e+00 2.330000000000000071e+00
4.000000000000000000e+01 2.300523983021863117e+00 3.534291735288516811e+00 2.259999999999999787e+00
4.100000000000000000e+01 2.300523983021863117e+00 4.319689898685965090e+00 1.590000000000000080e+00
4.200000000000000000e+01 2.300523983021863117e+00 5.105088062083414258e+00 1.780000000000000027e+00
4.300000000000000000e+01 2.300523983021863117e+00 5.890486225480860760e+00 2.029999999999999805e+00
4.400000000000000000e+01 2.730454791267445280e+00 7.853981633974482790e-01 1.250000000000000000e+00
4.500000000000000000e+01 2.730454791267445280e+00 2.356194490192344837e+00 1.840000000000000080e+00
4.600000000000000000e+01 2.730454791267445280e+00 3.926990816987241395e+00 1.830000000000000071e+00
4.700000000000000000e+01 2.730454791267445280e+00 5.497787143782137953e+00 1.790000000000000036e+00
